53724.53217
53725.17392
53725.17654
53725.17772
53725.17941
53725.18079
53725.18196
53725.18314
53725.18433
53725.18551
53725.1867
53725.18788
53725.18962
53725.19083
53725.19203
53725.19322
53725.19441
53725.19559
53725.19946
53725.20053
53725.20159
53725.20264
53725.2037
53725.20477
53725.20583
53725.20689
53725.20794
53725.209
53725.21034
53725.21145
53725.21586
53725.21697
53725.21808
53725.21918
53725.22028
53725.22139
53725.2225
53725.2236
53725.2247
53725.2258
53725.2269
53725.228
53725.2291
53725.2302
53725.23131
53725.23241
53725.23351
53725.23462
53725.23572
53725.23682
53725.23791
53725.23903
53725.24013
53725.24123
53725.24235
53725.24345
53725.24456
53725.24566
53725.24677
53725.24788
53725.24899
53725.2501
53725.2512
53725.25229
53725.2534
53725.25564
53725.25674
53725.27035
53725.27255
53725.27365
53725.27477
53725.27587
53725.27697
53725.27808
53725.27917
53725.28028
53725.28138
53725.28248
53725.28359
53725.2846
53725.2858
53725.2869
53725.28801
53725.28911
53725.29021
53725.29132
53725.29242
53725.29352
53725.29463
53725.29573
53725.29683
53725.29793
53725.29905
53725.30015
53725.30143
53725.30275
53725.30406
53725.30529
53725.30642
53725.30755
53725.30866
53725.30976
53725.31087
53725.31196
53725.3131
53725.3227
53725.32381
53725.32492
53725.32602
53725.32713
53725.32824
53725.32935
53725.33046
53725.33157
53725.33267
53725.33378
53725.33489
53725.33602
53725.33713
53725.33824
53725.33936
53725.34048
53725.34159
53725.3427
53725.3438
53725.34491
53725.34602
53725.34713
53725.34825
53725.34937
53725.35048
53725.3516
53725.35271
53725.35383
53725.35494
53725.35604
53725.35715
53725.35827
53725.35938
53725.3605
53725.36163
53725.36278
53725.36389
53725.36501
53725.36612
53725.36724
53725.36836
53725.37707
53725.37819
53725.37956
53725.38104
53725.38203
53725.38302
53725.38402
53725.38701
53725.39001
53725.39101
53725.39205
53725.39306
53725.39406
53725.39505
53725.39606
53725.39706
53725.39805
53725.39904
53725.40158
53725.40267
53725.4038
53725.40492
53725.4087
53725.40971
53725.41071
53725.41172
53725.41272
53725.41372
53725.41473
53725.41574
53725.41676
53725.41777
53725.41877
53725.41978
53725.42077
53725.42177
53725.42279
53725.42379
53725.42482
53725.42582
53725.42682
53725.42783
53725.42883
53725.42985
53725.43085
53725.43187
53725.43288
53725.43387
53725.43488
53725.43588
53725.43763
53725.43852
53725.4394
53725.4403
53725.4412
53725.44386
53725.44472
53725.44563
53725.44655
53725.44744
53725.44832
53725.44922
53725.46505
53725.46682
53725.46782
53725.46885
53725.46987
53725.47086
53725.47378
53725.47466
53725.47554
53725.47644
53725.47733
53725.47823
53725.47911
53725.48001
53725.4809
53725.4818
53725.48268
53725.48357
53725.48446
53725.48535
53725.48626
53725.48714
53725.48803
53725.48891
53725.4898
53725.49118
53725.4923
53725.49341
53725.49455
53725.49567
53725.49679
53725.49791
53725.49903
53725.50014
53725.50127
53725.50243
53725.5036
53726.12863
53726.1305
53726.13178
53726.13259
53726.13337
53726.13429
53726.13512
53726.13601
53726.13688
53726.13774
53726.13862
53726.13949
53726.14036
53726.14203
53726.14272
53726.14352
53726.14432
53726.14549
53726.14626
53726.14724
53726.14817
53726.14904
53726.14997
53726.15091
53726.15194
53726.1528
53726.15378
53726.16009
53726.16089
53726.16179
53726.16311
53726.16527
53726.16588
53726.16663
53726.16739
53726.16815
53726.16891
53726.16971
53726.17046
53726.17124
53726.17199
53726.17277
53726.20141
53726.20233
53726.20293
53726.20374
53726.20482
53726.2053
53726.20594
53726.20658
53726.20722
53726.20786
53726.20854
53726.20918
53726.20983
53726.21045
53726.21111
53726.21172
53726.21241
53726.21304
53726.21366
53726.2143
53726.21493
53726.21564
53726.21625
53726.21692
53726.2175
53726.21817
53726.21878
53726.21941
53726.22006
53726.22072
53726.22134
53726.22198
53726.22263
53726.2233
53726.22398
53726.22458
53726.22523
53726.22586
53726.22676
53726.22737
53726.22814
53726.22888
53726.22967
53726.23039
53726.23116
53726.23189
53726.23271
53726.23343
53726.23418
53726.23496
53726.23574
53726.23647
53726.23749
53726.23822
53726.23897
53726.23977
53726.24058
53726.24144
53726.2422
53726.24302
53726.24489
53726.24743
53726.2482
53726.24913
53726.25005
53726.25099
53726.26133
53726.26193
53726.26267
53726.2728
53726.27416
53726.27487
53726.27563
53726.27636
53726.27745
53726.27793
53726.27856
53726.2792
53726.27982
53726.28047
53726.28114
53726.28177
53726.28238
53726.28298
53726.28362
53726.28425
53726.28489
53726.2855
53726.28613
53726.28676
53726.28741
53726.28803
53726.28866
53726.28929
53726.28991
53726.29057
53726.29119
53726.29184
53726.29247
53726.29308
53726.29371
53726.29437
53726.29498
53726.29564
53726.29622
53726.29688
53726.29758
53726.29836
53726.29911
53726.29986
53726.30062
53726.30138
53726.30215
53726.30288
53726.30335
53726.30398
53726.30462
53726.30525
53726.30589
53726.30652
53726.30713
53726.30777
53726.3084
53726.309
53726.30963
53726.31026
53726.31088
53726.31149
53726.31214
53726.31275
53726.31338
53726.31399
53726.31466
53726.31527
53726.31594
53726.31657
53726.32336
53726.32395
53726.32469
53726.32543
53726.32617
53726.3269
53726.32765
53726.32839
53726.32914
53726.32988
53726.33062
53726.33137
53726.33212
53726.33285
53726.33358
53726.33433
53726.33507
53726.33582
53726.33657
53726.3373
53726.33804
53726.33879
53726.33952
53726.34025
53726.34099
53726.34174
53726.34248
53726.34322
53726.34396
53726.34471
53726.34547
53726.34618
53726.34693
53726.34767
53726.34842
53726.34915
53726.34989
53726.35063
53726.35137
53726.35212
53726.35287
53726.35361
53726.35436
53726.35509
53726.35585
53726.35658
53726.35763
53726.35833
53726.3592
53726.36005
53726.36091
53726.36179
53726.36262
53726.39349
53726.3942
53726.39533
53726.39581
53726.39648
53726.39708
53726.39772
53726.39836
53726.39899
53726.39965
53726.40028
53726.40091
53726.40155
53726.40216
53726.40284
53726.40348
53726.4041
53726.40475
53726.40545
53726.40602
53726.40666
53726.40729
53726.40792
53726.40858
53726.40924
53726.40989
53726.41048
53726.41111
53726.4118
53726.41239
53726.41301
53726.41363
53726.41428
53726.4149
53726.41555
53726.41619
53726.41682
53726.41746
53726.41812
53726.41872
53726.41936
53726.41999
53726.4207
53726.42132
53726.4219
53726.42254
53726.42318
53726.42381
53726.42445
53726.42508
53726.42571
53726.42634
53726.42701
53726.42767
53726.42828
53726.42889
53726.42953
53726.43016
53726.43087
53726.43143
53726.43217
53726.43267
53726.4334
53726.43398
53726.43462
53726.43525
53726.4359
53726.43652
53726.43718
53726.43776
53726.43838
53726.43908
53726.43967
53726.44032
53726.44094
53726.44161
53726.44225
53726.4429
53726.44351
53726.4441
53726.44478
53726.44538
53726.44602
53726.44685
53726.44733
53726.44801
53726.44865
53726.44933
53726.44992
53726.45054
53726.45124
53726.45185
53726.45245
53726.45316
53726.45381
53726.45439
53726.45507
53726.45563
53726.45629
53726.45691
53726.45996
53726.46062
53726.46124
53726.46184
53726.46248
53726.46314
53726.46377
53726.4644
53726.46512
53726.46646
53726.4671
53726.46779
53726.46841
53726.469
53726.46965
53726.4703
53726.47101
53726.4716
53726.47219
53726.47287
53726.47355
53726.47421
53726.47473
53726.47538
53726.47601
53726.47671
53726.47735
53726.48011
53726.4808
53726.48139
53726.48207
53726.48267
53726.48341
53726.48399
53726.48467
53726.48529
53726.48594
53726.48659
53726.48715
53726.48783
53726.48843
53726.48916
53726.48976
53726.4904
53726.49107
53726.49172
53726.49287
53726.49366
53726.49453
53726.49538
53726.49625
53726.49713
53726.49801
53726.49886
53726.49975
53726.50062
53726.50147
53726.50232
53726.50321
53726.50408
53726.50494
53726.50579
53726.50666
53726.50756
53726.50844
53726.50927
53726.51013
53726.51103
53726.5119
53726.51297
53726.51374
53726.51873
53727.13117
53727.13207
53727.133
53727.13424
53727.13496
53727.1359
53727.13686
53727.13761
53727.13847
53727.13941
53727.1403
53727.14111
53727.14197
53727.14288
53727.14373
53727.14463
53727.14579
53727.1464
53727.14714
53727.1479
53727.14866
53727.14942
53727.15017
53727.15098
53727.15178
53727.15272
53727.15348
53727.15438
53727.15523
53727.15609
53727.15691
53727.15777
53727.1587
53727.1595
53727.16046
53727.16132
53727.16212
53727.16297
53727.16386
53727.16473
53727.16558
53727.16652
53727.16731
53727.1682
53727.16907
53727.16998
53727.17082
53727.17166
53727.1726
53727.17346
53727.17428
53727.17513
53727.17606
53727.17688
53727.17779
53727.17863
53727.17952
53727.18036
53727.18124
53727.18237
53727.18321
53727.1842
53727.18516
53727.1862
53727.18713
53727.18827
53727.18911
53727.1901
53727.19107
53727.1921
53727.19308
53727.19451
53727.19519
53727.19595
53727.19668
53727.19747
53727.19814
53727.19891
53727.19965
53727.20039
53727.20113
53727.20188
53727.2027
53727.2034
53727.20416
53727.20494
53727.20568
53727.20674
53727.20722
53727.2079
53727.20852
53727.20915
53727.20978
53727.21046
53727.21106
53727.21173
53727.21232
53727.21295
53727.21358
53727.21421
53727.21484
53727.21548
53727.21697
53727.21774
53727.21854
53727.2194
53727.22028
53727.22114
53727.22245
53727.22293
53727.22357
53727.22421
53727.22483
53727.22547
53727.22611
53727.22675
53727.22743
53727.22802
53727.22868
53727.22931
53727.22995
53727.23058
53727.23125
53727.23186
53727.23251
53727.23315
53727.23374
53727.23443
53727.23505
53727.23564
53727.2363
53727.23693
53727.23759
53727.2382
53727.2389
53727.23946
53727.2401
53727.24078
53727.24136
53727.24199
53727.24264
53727.24326
53727.24397
53727.24454
53727.24518
53727.24617
53727.24678
53727.24754
53727.24826
53727.24902
53727.24976
53727.25054
53727.25131
53727.25207
53727.25278
53727.25354
53727.25434
53727.25506
53727.25607
53727.25678
53727.25769
53727.25851
53727.25939
53727.26025
53727.26612
53727.26683
53727.26769
53727.26858
53727.26944
53727.27052
53727.27112
53727.27188
53727.27264
53727.27336
53727.27411
53727.27486
53727.27562
53727.27693
53727.2782
53727.2795
53727.28094
53727.2826
53727.28344
53727.2844
53727.2854
53727.28663
53727.28723
53727.28798
53727.28871
53727.28948
53727.29023
53727.29097
53727.29203
53727.29274
53727.29365
53727.29447
53727.29557
53727.29653
53727.2975
53727.29849
53727.29944
53727.30017
53727.30102
53727.30188
53727.30272
53727.30356
53727.30444
53727.31059
53727.31117
53727.31193
53727.31266
53727.31342
53727.31416
53727.31492
53727.31563
53727.31637
53727.31715
53727.31789
53727.31866
53727.32125
53727.32348
53727.32584
53727.32824
53727.33056
53727.33438
53727.33659
53727.34015
53727.34386
53727.34417
53727.34464
53727.44211
53727.44364
53727.44533
53728.11029
53728.11122
53728.11217
53728.11334
53728.11457
53728.11587
53728.11717
53728.11859
53728.1213
53728.12319
53728.13859
53728.14056
53728.14271
53728.16237
53728.16394
53728.16562
53728.16674
53728.16803
53728.16929
53728.18926
53728.19015
53728.19156
53728.1923
53728.19332
53728.19415
53728.19502
53728.19595
53728.19679
53728.19789
53728.19915
53728.20046
53728.2018
53728.2032
53728.20459
53728.20588
53728.20724
53728.20851
53728.20998
53728.21129
53728.21268
53728.21404
53728.21548
53728.21679
53728.2181
53728.21943
53728.22075
53728.22208
53728.22394
53728.22462
53728.22555
53728.22643
53728.2273
53728.2283
53728.2293
53728.2304
53728.23131
53728.23222
53728.2332
53728.23425
53728.23519
53728.2364
53728.23715
53728.23803
53728.23892
53728.23973
53728.24058
53728.2415
53728.24231
53728.2434
53728.24405
53728.2448
53728.24549
53728.24652
53728.24752
53728.24871
53728.25033
53728.2514
53728.25265
53728.25383
53728.25508
53728.25652
53728.25771
53728.25931
53728.26028
53728.2614
53728.29933
53728.30062
53728.30235
53728.30342
53728.31763
53728.31834
53728.31943
53728.32003
53728.32078
53728.32156
53728.32232
53728.32302
53728.32379
53728.32477
53728.32525
53728.32589
53728.32702
53728.32768
53728.32842
53728.32915
53728.32989
53728.33062
53728.33136
53728.33264
53728.33311
53728.33377
53728.33439
53728.33504
53728.33566
53728.33632
53728.33693
53728.33759
53728.33821
53728.33915
53728.33976
53728.34055
53728.34131
53728.34207
53728.34283
53728.34363
53728.34434
53728.34509
53728.34685
53728.3474
53728.348
53728.34863
53728.34925
53728.34986
53728.35048
53728.35114
53728.35174
53728.35241
53728.35303
53728.35362
53728.35428
53728.35491
53728.35556
53728.35618
53728.35685
53728.35747
53728.35811
53728.35881
53728.35938
53728.36006
53728.36098
53728.36158
53728.36232
53728.36306
53728.36383
53728.38477
53728.3855
53728.38636
53728.38745
53728.38888
53728.38977
53728.39109
53728.39265
53728.40239
53728.40777
53728.40975
53728.41328
53728.41508
53728.41683
53728.42027
53728.42186
53728.42335
53728.42532
53728.42669
53728.42807
53728.42963
53728.431
53728.43242
53728.43387
53728.43535
53728.43681
53728.43846
53728.43979
53728.44134
53728.44273
53728.44424
53728.44558
53728.44716
53728.45034
53728.45203
53728.45419
53728.45549
53728.45676
53728.45829
53728.45953
53728.46086
53728.46232
53728.46354
53728.46506
53728.46632
53728.46758
53728.46898
53728.47068
53728.47246
53728.47409
53728.4757
53728.47745
53728.47912
53728.48277
53728.48479
53728.48783
53728.48917
53728.49069
53728.49213
53728.49394
53728.49582
53728.49786
53730.1533
53730.15414
53730.1555
53730.15682
53730.15824
53730.15972
53730.16115
53730.16262
53730.16403
53730.16548
53730.16694
53730.16841
53730.16985
53730.17135
53730.1728
53730.17917
53730.18055
53730.18204
53730.18337
53730.18515
53730.18634
53730.18771
53730.18905
53730.19037
53730.19171
53730.19301
53730.19435
53730.19569
53730.19706
53730.19834
53730.1997
53730.20103
53730.20291
53730.20424
53730.20571
53730.20712
53730.20861
53730.21006
53730.21149
53730.21293
53730.21471
53730.2167
53730.21805
53730.21944
53730.22089
53730.22237
53730.22379
53730.22524
53730.22698
53730.22856
53730.23019
53730.23187
53730.23357
53730.23522
53730.23857
53730.23999
53730.24157
53730.24312
53730.25286
53730.25428
53730.25608
53730.25727
53730.25859
53730.25992
53730.26125
53730.26259
53730.26392
53730.2656
53730.26643
53730.26741
53730.26839
53730.2694
53730.27035
53730.27162
53730.27233
53730.2732
53730.27406
53730.27494
53730.27578
53730.27665
53730.27752
53730.27838
53730.27925
53730.28012
53730.28096
53730.28182
53730.2827
53730.28353
53730.28444
53730.28525
53730.28621
53730.28723
53730.28821
53730.28918
53730.29017
53730.29145
53730.29278
53730.29418
53730.29588
53730.29695
53730.29846
53730.29985
53730.3014
53730.30295
53730.30449
53730.30609
53730.3076
53730.30938
53730.31612
53730.3173
53730.31887
53730.32017
53730.32165
53730.32306
53730.32493
53730.32623
53730.32767
53730.32939
53730.33034
53730.33143
53730.33253
53730.33361
53730.33474
53730.33579
53730.33694
53730.33831
53730.33973
53730.34158
53730.34396
53730.34549
53730.3474
53730.34874
53730.35018
53730.35157
53730.35326
53730.35461
53730.35601
53730.35746
53730.35891
53730.36038
53730.36177
53730.36319
53730.36467
53730.36609
53730.36761
53730.36935
53730.37128
53730.37856
53730.37984
53730.38167
53730.38254
53730.38354
53730.38475
53730.38646
53730.38822
53730.39036
53730.39216
53730.39403
53730.39597
53730.39808
53730.39915
53730.40036
53730.40184
53730.40268
53730.40402
53730.40475
53730.40558
53730.4067
53730.40749
53730.40854
53730.40936
53730.41015
53730.41098
53730.41184
53730.41273
53730.41358
53730.41445
53730.41528
53730.41611
53730.41704
53730.41788
53730.41904
53730.42
53730.42111
53730.42216
53730.42326
53730.42435
53730.42544
53730.42653
53730.42762
53730.42877
53730.43015
53730.43145
53730.43289
53730.43967
53730.44062
53730.44175
53730.45209
53730.45304
53730.45442
53730.45497
53730.45567
53730.45663
53730.4577
53730.45864
53730.45975
53730.46085
53730.4623
53730.46324
53730.46442
53730.46544
53730.4666
53730.4679
53730.46923
53730.47066
53730.47211
53730.47359
53730.47506
53730.47648
53730.47795
53730.47948
53730.48121
53730.48257
53730.48426
53730.48661
53731.14064
53731.14149
53731.14312
53731.145
53731.14729
53731.14873
53731.15028
53731.15206
53731.15349
53731.15504
53731.15663
53731.15818
53731.15978
53731.16134
53731.16295
53731.1645
53731.16766
53731.16924
53731.17076
53731.17229
53731.17464
53731.17594
53731.17743
53731.17891
53731.18102
53731.18224
53731.18356
53731.18488
53731.18623
53731.18764
53731.18894
53731.19029
53731.19157
53731.19293
53731.19423
53731.19563
53731.19692
53731.19822
53731.1996
53731.20093
53731.20231
53731.20365
53731.205
53731.20633
53731.20768
53731.21517
53731.21648
53731.21803
53731.22156
53731.22466
53731.22902
53731.23355
53731.23802
53731.24249
53731.24697
53731.25184
53731.25336
53731.25504
53731.25673
53731.2587
53731.25988
53731.26125
53731.26254
53731.26389
53731.28239
53731.2833
53731.28443
53731.28551
53731.2866
53731.35263
53731.35404
53731.35539
53731.35682
53731.35824
53731.35975
53731.36112
53731.37363
53731.37531
53731.37707
53731.37914
53731.38046
53731.38193
53731.38339
53731.38765
53731.38912
53732.11914
53732.12072
53732.12238
53732.12434
53732.12518
53732.12616
53732.1275
53732.12822
53732.1291
53732.12997
53732.13091
53732.13173
53732.13261
53732.13354
53732.13442
53732.13522
53732.1361
53732.13697
53732.13787
53732.13872
53732.13959
53732.14053
53732.14139
53732.14225
53732.14308
53732.14395
53732.14482
53732.14573
53732.14749
53732.14832
53732.14917
53732.15004
53732.15094
53732.15211
53732.15283
53732.15358
53732.1544
53732.15527
53732.1561
53732.15685
53732.15769
53732.15849
53732.1593
53732.1601
53732.16089
53732.16177
53732.16253
53732.16334
53732.16415
53732.16496
53732.1658
53732.16657
53732.16741
53732.16817
53732.16902
53732.1698
53732.1706
53732.17145
53732.17222
53732.17303
53732.17384
53732.1747
53732.17551
53732.18224
53732.18317
53732.18455
53732.18503
53732.18569
53732.18632
53732.18696
53732.18786
53732.18844
53732.18912
53732.19009
53732.19058
53732.19128
53732.19186
53732.19249
53732.19317
53732.19378
53732.19443
53732.19506
53732.19572
53732.19636
53732.197
53732.19763
53732.19826
53732.1989
53732.19983
53732.20047
53732.20119
53732.20196
53732.20295
53732.20367
53732.20454
53732.20542
53732.20629
53732.20741
53732.20802
53732.20878
53732.20954
53732.21028
53732.21107
53732.21178
53732.21253
53732.21328
53732.21406
53732.21479
53732.21555
53732.21629
53732.21705
53732.21786
53732.21885
53732.21958
53732.22045
53732.22133
53732.22219
53732.22311
53732.22395
53732.22482
53732.22569
53732.22656
53732.22743
53732.2283
53732.22919
53732.23004
53732.23094
53732.23178
53732.23266
53732.23353
53732.2344
53732.23527
53732.23614
53732.23702
53732.23791
53732.23874
53732.23963
53732.24049
53732.24136
53732.24223
53732.24316
53732.24397
53732.24484
53732.24576
53732.24657
53732.25284
53732.25356
53732.25483
53732.25532
53732.25598
53732.25662
53732.25728
53732.25786
53732.25851
53732.25914
53732.25977
53732.26042
53732.26102
53732.26166
53732.2623
53732.26293
53732.26356
53732.26421
53732.26483
53732.26546
53732.2661
53732.26674
53732.26773
53732.26832
53732.26907
53732.26982
53732.27087
53732.2717
53732.27268
53732.27392
53732.27452
53732.27527
53732.27603
53732.27678
53732.27752
53732.27827
53732.27905
53732.28006
53732.28062
53732.28145
53732.28222
53732.28297
53732.28372
53732.2845
53732.28525
53732.28577
53732.28637
53732.28702
53732.28763
53732.28828
53732.2889
53732.28953
53732.29015
53732.29079
53732.29142
53732.29237
53732.293
53732.29376
53732.29452
53732.29523
53732.29597
53732.29673
53732.29773
53732.29821
53732.29886
53732.29977
53732.30037
53732.30115
53732.30216
53732.30263
53732.3035
53732.30413
53732.30588
53732.3065
53732.30721
53732.3082
53732.30869
53732.30936
53732.31021
53732.31075
53732.31149
53732.31216
53732.31285
53732.31353
53732.31422
53732.31494
53732.3156
53732.31629
53732.31733
53732.31818
53732.31917
53732.32034
53732.32118
53732.32216
53732.32342
53732.3246
53732.32594
53732.32728
53732.32859
53732.33024
53732.33181
53732.33346
53732.33512
53732.33681
53732.3385
53732.34018
53732.34189
53732.34354
53732.34547
53732.3471
53732.34811
53732.34927
53732.35042
53732.35172
53732.35289
53732.35398
53732.35513
53732.35632
53732.35743
53732.35858
53732.35975
53732.3609
53732.36206
53732.36324
53732.36441
53732.36555
53732.36673
53732.37449
53732.37522
53732.3761
53732.37698
53732.37783
53732.37871
53732.37959
53732.38049
53732.38159
53732.38248
53732.38343
53732.38444
53732.38548
53732.38642
53732.38741
53732.38839
53732.38946
53732.39041
53732.39148
53732.39236
53732.39337
53732.39435
53732.3954
53732.39636
53732.39734
53732.3987
53732.39932
53732.4001
53732.40088
53732.40167
53732.40243
53732.40317
53732.40423
53732.40507
53732.40613
53732.40708
53732.40809
53732.40905
53732.41037
53732.41099
53732.41173
53732.41249
53732.41356
53732.41432
53732.41519
53732.41607
53732.41692
53732.41786
53732.41873
53732.41958
53732.42043
53732.42131
53732.42223
53732.42308
53732.42395
53732.42485
53732.42595
53732.42657
53732.42739
53732.42813
53732.42894
53732.42973
53732.43047
53732.43119
53732.43195
53732.43279
53732.43348
53732.4345
53732.43534
53732.43638
53732.43734
53732.4384
53732.44486
53732.44577
53732.44695
53732.44756
53732.44838
53732.44911
53732.45014
53732.45088
53732.45174
53732.45263
53732.45352
53732.45442
53732.45529
53732.45623
53732.45705
53732.45799
53732.4588
53732.45969
53732.46059
53732.46146
53732.46233
53732.46323
53732.46596
53732.46659
53732.46734
53732.46815
53732.46888
53732.46971
53732.47044
53732.47119
53732.47197
53733.159
53733.15989
53733.16083
53733.16216
53733.16288
53733.16378
53733.16461
53733.16549
53733.16636
53733.16722
53733.16809
53733.16896
53733.17007
53733.17072
53733.17142
53733.1722
53733.17294
53733.17371
53733.17448
53733.17545
53733.17618
53733.17706
53733.1779
53733.17877
53733.17962
53733.18049
53733.18139
53733.18224
53733.18369
53733.1843
53733.18492
53733.18562
53733.18636
53733.18733
53733.188
53733.18873
53733.18947
53733.19018
53733.19093
53733.19167
53733.19247
53733.19316
53733.19392
53733.19468
53733.19541
53733.19616
53733.19692
53733.19767
53733.19868
53733.19927
53733.19994
53733.20061
53733.20131
53733.20201
53733.20271
53733.20345
53733.20414
53733.20482
53733.20555
53733.20629
53733.20693
53733.20764
53733.20837
53733.20904
53733.20971
53733.21042
53733.2111
53733.21182
53733.21249
53733.21318
53733.21387
53733.21454
53733.21525
53733.21594
53733.21666
53733.21732
53733.218
53733.21873
53733.21939
53733.22014
53733.22079
53733.2215
53733.22218
53733.22289
53733.22359
53733.2243
53733.22498
53733.22574
53733.22642
53733.22714
53733.22778
53733.22849
53733.22919
53733.23018
53733.23072
53733.23157
53733.23212
53733.23283
53733.23352
53733.23422
53733.23491
53733.23561
53733.23634
53733.23703
53733.23774
53733.23845
53733.23909
53733.23981
53733.24047
53733.24116
53733.24187
53733.24855
53733.24903
53733.24967
53733.2503
53733.25096
53733.25161
53733.25223
53733.25285
53733.2535
53733.25413
53733.25478
53733.2554
53733.25606
53733.25671
53733.25768
53733.25839
53733.25925
53733.2601
53733.26098
53733.26185
53733.26271
53733.26356
53733.26442
53733.2653
53733.26614
53733.26701
53733.26817
53733.26872
53733.26941
53733.27011
53733.27079
53733.27147
53733.27216
53733.27284
53733.27354
53733.27422
53733.2749
53733.27559
53733.29016
53733.29098
53733.29195
53733.29293
53733.2942
53733.29474
53733.29541
53733.29611
53733.29677
53733.29753
53733.29815
53733.29888
53733.29954
53733.30022
53733.3009
53733.30157
53733.30226
53733.30297
53733.30363
53733.30461
53733.3057
53733.30635
53733.30715
53733.30798
53733.30916
53733.3097
53733.31041
53733.31107
53733.31179
53733.31244
53733.31314
53733.31386
53733.3145
53733.31519
53733.31588
53733.31658
53733.31729
53733.31796
53733.31864
53733.31933
53733.32042
53733.32089
53733.32159
53733.32258
53733.32318
53733.32395
53733.33032
53733.33092
53733.33169
53733.33241
53733.33316
53733.33421
53733.33493
53733.33581
53733.33665
53733.33754
53733.33838
53733.33924
53733.34013
53733.34099
53733.34183
53733.3427
53733.34358
53733.34482
53733.34537
53733.34607
53733.34674
53733.34743
53733.34813
53733.3488
53733.34951
53733.35019
53733.35091
53733.35161
53733.35226
53733.35294
53733.35364
53733.35434
53733.35541
53733.35614
53733.357
53733.35785
53733.35872
53733.35963
53733.36049
53733.36134
53733.36222
53733.36316
53733.36396
53733.36488
53733.36571
53733.36657
53733.36748
53733.36861
53733.36954
53733.37044
53733.3715
53733.37248
53733.37367
53733.37469
53733.37535
53733.37604
53733.37687
53733.37766
53733.37839
53733.37911
53733.37983
53733.38061
53733.38134
53733.38208
53733.3829
53733.38366
53733.38435
53733.38513
53733.38587
53733.38666
53733.38739
53733.38819
53733.38889
53733.3897
53733.39046
53733.39117
53733.39198
53733.39273
53733.39373
53733.39444
53733.3954
53733.39626
53733.39715
53733.39835
53733.39956
53733.4036
53733.40496
53733.40623
53733.40763
53733.40921
53733.41075
53733.41249
53733.41428
53733.41591
53733.41761
53733.41919
53733.42092
53733.42697
53733.42826
53733.42954
53733.43093
53733.43218
53733.43357
53733.43494
53733.4362
53733.4376
53733.43896
53733.44024
53733.44163
53733.44293
53733.44425
53733.44562
53733.44696
53733.44833
53733.44971
53733.45099
53733.45639
53733.45764
53733.45936
53733.46094
53733.46265
53733.46597
53733.4677
53733.46943
53734.15888
53734.16007
53734.1619
53734.16307
53734.1643
53734.16562
53734.16688
53734.16817
53734.16943
53734.17067
53734.17197
53734.17336
53734.17455
53734.1759
53734.17716
53734.17838
53734.17963
53734.18096
53734.18217
53734.18352
53734.18475
53734.18605
53734.18728
53734.18866
53734.18987
53734.19117
53734.19238
53734.19399
53734.19517
53734.19658
53734.19788
53734.19928
53734.20054
53734.20185
53734.20324
53734.20452
53734.20881
53734.2104
53734.21209
53734.21408
53734.21542
53734.21686
53734.21838
53734.2198
53734.22119
53734.22266
53734.22408
53734.2256
53734.22699
53734.22845
53734.22994
53734.23137
53734.23277
53734.23427
53734.2399
53734.24138
53734.24279
53734.24427
53734.24572
53734.24713
53734.24862
53734.25003
53734.25149
53734.25293
53734.25434
53734.26454
53734.26584
53734.26727
53734.26872
53734.2705
53734.27168
53734.27301
53734.27439
53734.27567
53734.27865
53734.28008
53734.28133
53734.28258
53734.28389
53734.28522
53734.28653
53734.28789
53734.28917
53734.31548
53734.31726
53734.3191
53734.32083
53734.32299
53734.3243
53734.32572
53734.32718
53734.32863
53734.33005
53734.33179
53734.33297
53734.33434
53734.33562
53734.33699
53734.33837
53734.3396
53734.34125
53734.34233
53734.34384
53734.34471
53734.35119
53734.35209
53734.35299
53734.35401
53734.35495
53734.356
53734.35692
53734.35821
53734.35892
53734.35981
53734.36095
53734.36161
53734.36232
53734.36336
53734.36405
53734.36487
53734.36569
53734.36649
53734.36731
53734.36841
53734.36925
53734.37049
53734.37111
53734.37193
53734.37267
53734.37373
53734.37451
53734.37544
53734.37667
53734.37746
53734.37834
53734.37942
53734.38009
53734.38091
53734.38179
53734.38257
53734.38341
53734.38426
53734.38511
53734.38594
53734.38661
53734.38748
53734.38835
53734.38938
53734.39058
53734.39176
53734.39275
53734.39382
53734.39498
53734.39611
53734.3975
53734.39831
53734.39915
53734.39998
53734.40087
53734.4021
53734.403
53734.40415
53734.40535
53734.40631
53734.40773
53734.40892
53734.41061
53734.41175
53734.41298
53734.41413
53734.41539
53734.41655
53734.41784
53734.41935
53734.4203
53734.4215
53734.42256
53734.42362
53734.42483
53734.42591
53734.42701
53734.42814
53734.42917
53734.43029
53734.43146
53734.43253
53734.44978
53734.45046
53735.16586
53735.18038
53735.18221
53735.18308
53735.18459
53735.18769
53735.18855
53735.18955
53735.19056
53735.19154
53735.19254
53735.19376
53735.19504
53735.19632
53735.19767
53735.19904
53735.20029
53735.20163
53735.20303
53735.20466
53735.20535
53735.20615
53735.20696
53735.20778
53735.20859
53735.2098
53735.21065
53735.21178
53735.21275
53735.21389
53735.21497
53735.21608
53735.21747
53735.21837
53735.21966
53735.22061
53735.22196
53735.22302
53735.22424
53735.22546
53735.22671
53735.22793
53735.22916
53735.23038
53735.23159
53735.2328
53735.23401
53735.23524
53735.23644
53735.2377
53735.23918
53735.24041
53735.24176
53735.24302
53735.2444
53735.2457
53735.24705
53735.24841
53735.25004
53735.25147
53735.25302
53735.25462
53735.25616
53735.25771
53735.25927
53735.26084
53735.26242
53735.26551
53735.26707
53735.26863
53735.27058
53735.27162
53735.27291
53735.27387
53735.27483
53735.27577
53735.27673
53735.2777
53735.27847
53735.27929
53735.28017
53735.281
53735.28186
53735.28272
53735.28359
53735.28446
53735.28531
53735.28623
53735.28705
53735.2879
53735.28877
53735.28965
53735.2905
53735.29164
53735.29223
53735.29298
53735.29377
53735.29477
53735.29562
53735.29659
53735.2976
53735.29856
53735.29956
53735.30055
53735.30154
53735.30288
53735.30406
53735.30539
53735.30673
53735.30806
53735.30938
53735.31106
53735.31235
53735.31386
53735.31527
53735.31674
53735.31821
53735.31964
53735.32108
53735.32255
53735.32397
53735.32542
53735.3273
53735.32819
53735.32917
53735.33014
53735.33137
53735.33201
53735.3328
53735.33354
53735.33427
53735.33503
53735.3358
53735.33657
53735.33734
53735.33806
53735.33882
53735.33959
53735.34034
53735.34112
53735.34189
53735.3426
53735.34336
53735.34411
53735.34493
53735.34571
53735.34642
53735.34716
53735.34791
53735.34871
53735.34944
53735.35018
53735.35123
53735.35209
53735.35309
53735.35609
53735.35703
53735.35838
53735.35998
53735.3617
53735.36338
53735.36514
53735.36848
53735.37031
53735.37863
53735.38036
53735.38197
53735.38376
53735.3854
53735.38711
53735.38913
53735.3901
53735.39126
53735.3923
53735.39342
53735.39491
53735.39774
53735.39921
53735.40062
53735.40208
53735.40352
53735.40498
53735.40642
53735.40792
53735.40941
53735.41077
53735.41249
53735.41381
53735.41525
53735.41695
53735.41857
53735.44653
53735.44976
53735.45147
53736.46872
53737.24384
53737.24481
53737.24587
53737.24717
53737.24792
53737.24941
53737.25014
53737.25094
53737.25169
53737.25244
53737.2532
53737.25396
53737.25471
53737.25546
53737.25621
53737.25696
53737.25771
53737.25847
53737.25922
53737.25998
53737.26073
53737.2615
53737.26225
53737.263
53737.26375
53737.2645
53737.26525
53737.266
53737.26678
53737.26775
53737.26867
53737.26959
53737.27051
53737.27523
53737.27597
53737.27757
53737.27924
53737.2817
53737.28268
53737.28365
53737.28463
53737.28561
53737.28659
53737.28756
53737.28855
53737.28953
53737.29091
53737.29166
53737.2924
53737.29315
53737.29391
53737.29465
53737.29664
53737.29738
53737.29818
53737.29893
53737.29968
53737.30046
53737.302
53737.30275
53737.3062
53737.3079
53737.30958
53737.31127
53737.31297
53737.31466
53737.31635
53737.3188
53737.3198
53737.3208
53737.32179
53737.32278
53737.32378
53737.32477
53737.32577
53737.32676
53737.32776
53737.32875
53737.32974
53737.33074
53737.33174
53737.33277
53737.33376
53737.33477
53737.33576
53737.33677
53737.33777
53737.33905
53737.33982
53737.34059
53737.34136
53737.34213
53737.3429
53737.34367
53737.34444
53737.34521
53737.34598
53737.34674
53737.34751
53737.34891
53737.3499
53737.3509
53737.35191
53737.35291
53737.35394
53737.35494
53737.35594
53737.35695
53737.35795
53737.35904
53737.36004
53737.36104
53737.36204
53737.36331
53737.36467
53737.36602
53737.36737
53737.36872
53737.37007
53737.37142
53737.37277
53737.37412
53737.37548
53737.37684
53737.37819
53737.37955
53737.3809
53737.38226
53737.38362
53737.38497
53737.38634
53737.38769
53737.38904
53737.39041
53737.39177
53737.39313
53737.39449
53737.39585
53737.39721
53737.39857
53737.39993
53737.40267
53737.40541
53737.40679
53737.40814
53737.4095
53737.41086
53737.41221
53737.41357
53737.41493
53737.4163
53737.41765
53737.41912
53737.42048
53737.42183
53737.42404
53737.42575
53737.43087
53737.43258
53737.436
53737.43771
53737.43942
53737.44114
53737.44284
53737.44454
53737.44766
53737.44936
53737.45107
53737.45278
53737.45449
53737.45621
53737.45794
53737.45964
53737.46135
53737.46306
53737.46477
53737.46818
53737.46989
53737.47159
53738.20141
53738.20274
53738.20422
53738.20556
53738.20689
53738.20823
53738.20957
53738.21093
53738.21227
53738.21363
53738.21495
53738.2163
53738.21767
53738.21901
53738.22036
53738.22172
53738.22306
53738.22441
53738.22575
53738.22708
53738.22841
53738.2302
53738.23191
53738.23359
53738.23526
53738.24173
53738.24307
53738.24442
53738.24575
53738.24712
53738.24845
53738.24982
53738.25144
53738.25312
53738.25485
53738.25652
53738.25988
53738.26325
53738.26494
53738.27204
53738.27371
53738.27539
53738.27709
53738.27961
53738.28074
53738.2819
53738.2933
53738.30365
53740.31346
53740.33621
53740.33787
53740.33946
53740.34098
53740.34216
53740.34554
53740.34715
53740.34783
53740.3519
53740.35304
53740.35461
53740.35637
53740.35707
53740.35897
53740.35996
53740.36081
53740.36172
53740.36247
53740.36328
53740.36405
53740.36489
53740.36571
53740.36645
53740.36733
53740.36805
53740.36889
53740.36964
53740.37049
53740.37124
53740.37208
53740.37288
53740.37371
53740.37445
53740.37527
53740.37603
53740.37689
53740.37765
53740.37882
53740.37965
53740.38066
53740.3816
53740.38264
53740.38355
53740.38455
53740.3855
53740.38647
53740.38751
53740.3885
53740.3895
53740.39049
53740.39138
53740.39232
53740.39338
53740.39435
53740.39523
53740.39623
53740.39716
53740.39822
53740.39916
53740.40069
53740.40194
53740.40323
53740.40452
53740.40584
53740.40725
53740.4086
53740.40987
53740.41124
53740.4126
53740.41383
53740.4153
53740.41658
53740.41789
53740.41917
53740.42059
53740.42188
53740.42381
53740.42492
53740.42609
53740.42723
53740.42837
53740.42946
53740.43065
53740.43178
53740.4329
53740.43412
53740.43531
53740.4364
53740.43756
53740.43873
53740.43994
53740.44136
53740.44265
53740.44407
53740.4453
53740.44665
53740.44826
53740.44987
53740.45157
53740.45323
53740.45489
53740.45656
53740.45984
53740.46152
53740.4632
53740.46486
53740.46821
53740.46995
53740.47162
53740.4737
53740.4756
53740.47759
53740.48002
53740.48182
53740.4836
53741.10173
53742.13294
53742.13381
53742.13477
53742.13651
53742.13716
53742.13798
53742.13879
53742.1396
53742.14042
53742.14122
53742.14205
53742.14291
53742.14369
53742.14448
53742.1453
53742.14619
53742.14697
53742.14775
53742.14857
53742.14938
53742.15018
53742.15101
53742.15183
53742.15262
53742.15346
53742.15428
53742.15507
53742.1559
53742.1567
53742.15753
53742.15833
53742.15915
53742.15997
53742.16077
53742.16159
53742.16244
53742.16323
53742.16405
53742.16489
53742.16573
53742.16651
53742.16731
53742.16818
53742.16901
53742.16984
53742.17063
53742.17147
53742.1723
53742.17307
53742.17391
53742.17468
53742.17549
53742.1763
53742.17711
53742.17797
53742.17876
53742.17958
53742.18034
53742.18117
53742.18196
53742.18284
53742.18363
53742.1844
53742.18525
53742.18606
53742.18686
53742.18767
53742.18854
53742.18936
53742.19014
53742.19094
53742.19175
53742.19256
53742.19339
53742.19426
53742.19507
53742.19584
53742.19664
53742.19746
53742.19907
53742.19992
53742.20111
53742.20163
53742.20223
53742.2029
53742.20357
53742.20417
53742.20481
53742.20547
53742.20609
53742.20674
53742.20739
53742.20801
53742.20866
53742.20929
53742.20994
53742.21057
53742.21122
53742.21185
53742.21248
53742.21311
53742.21381
53742.21445
53742.21503
53742.21566
53742.21634
53742.21696
53742.21759
53742.21824
53742.21889
53742.2196
53742.22019
53742.22088
53742.22146
53742.2221
53742.22274
53742.22339
53742.22407
53742.22466
53742.22534
53742.22595
53742.22661
53742.22723
53742.22788
53742.22849
53742.22915
53742.23006
53742.23072
53742.23152
53742.23235
53742.23319
53742.23399
53742.23509
53742.23595
53742.23695
53742.2379
53742.23888
53742.23986
53742.24116
53742.24215
53742.2433
53742.24446
53742.24562
53742.24679
53742.24791
53742.24906
53742.25021
53742.25142
53742.25256
53742.25367
53742.25509
53742.25637
53742.25764
53742.2589
53742.25992
53742.26105
53742.26219
53742.26333
53742.26449
53742.28573
53742.3342
53742.33537
53742.3367
53742.33801
53742.33933
53742.34067
53742.34201
53742.34335
53742.34462
53742.34635
53742.34734
53742.3485
53742.34964
53742.35082
53742.35197
53742.35308
53742.35427
53742.35537
53742.35651
53742.35765
53742.35879
53742.35997
53742.36108
53742.36229
53742.36343
53742.36453
53742.36598
53742.36684
53742.36779
53742.36882
53742.36976
53742.3707
53742.37171
53742.37269
53742.37365
53742.37466
53742.37561
53742.37657
53742.37758
53742.37856
53742.37947
53742.38049
53742.38147
53742.38246
53742.38341
53742.38436
53742.38545
53742.38639
53742.38737
53742.38833
53742.38947
53742.3903
53742.39131
53742.39232
53742.39331
53742.39423
53742.3953
53742.39622
53742.39719
53742.39821
53742.39918
53742.40015
53742.40107
53742.40232
53742.40307
53742.40386
53742.40468
53742.40544
53742.4063
53742.40705
53742.40789
53742.40875
53742.40951
53742.41036
53742.41114
53742.41233
53742.41322
53742.41419
53742.4152
53742.41618
53742.41711
53742.41806
53742.41907
53742.4201
53742.42106
53742.42204
53742.42304
53742.42402
53742.42521
53742.42615
53742.42709
53742.42808
53742.42901
53742.43005
53742.43101
53742.43232
53742.43358
53742.43464
53742.4358
53742.4369
53742.43814
53742.43983
53742.4411
53742.4424
53742.44376
53742.44507
53742.44639
53742.44772
53742.44909
53742.45041
53742.4517
53742.45306
53742.45437
53742.45569
53742.45699
53742.45838
53742.45989
53742.4611
53742.46247
53742.46384
53742.46517
53742.46646
53742.46783
53742.46911
53742.47054
53742.47178
53742.47314
53742.47455
53742.47602
53742.47732
53742.47866
53742.47996
53742.48125
53742.48257
53742.48391
53742.48533
53742.48666
53742.48795
53742.48925
53742.49056
53743.3587
53743.36083
53743.36311
53743.36429
53743.36563
53743.36701
53743.36833
53743.36964
53743.37098
53743.37232
53743.37362
53743.37502
53743.37708
53743.37826
53744.11292
53744.1136
53744.11443
53744.11545
53744.11629
53744.11729
53744.11828
53744.11924
53744.12023
53744.12127
53744.1222
53744.12346
53744.12408
53744.12481
53744.12558
53744.12631
53744.12708
53744.12783
53744.12858
53744.12939
53744.13016
53744.13085
53744.13163
53744.13236
53744.13312
53744.13388
53744.13462
53744.13541
53744.13615
53744.13687
53744.13763
53744.13845
53744.13916
53744.13991
53744.14066
53744.14146
53744.14216
53744.14295
53744.14368
53744.14443
53744.14526
53744.146
53744.14676
53744.14748
53744.14823
53744.14898
53744.14973
53744.15051
53744.15125
53744.15204
53744.15279
53744.15356
53744.15427
53744.15505
53744.15581
53744.15653
53744.15732
53744.15803
53744.15883
53744.1596
53744.16028
53744.16109
53744.16186
53744.16254
53744.1633
53744.16411
53744.16482
53744.1656
53744.16635
53744.16711
53744.16787
53744.17009
53744.17071
53744.17146
53744.1722
53744.17302
53744.17374
53744.17448
53744.17528
53744.17597
53744.17673
53744.17754
53744.17827
53744.17899
53744.17976
53744.1805
53744.18126
53744.18201
53744.18277
53744.18351
53744.18428
53744.18502
53744.18578
53744.18656
53744.18734
53744.1881
53744.19397
53744.19458
53744.19531
53744.19607
53744.19683
53744.19759
53744.19835
53744.1991
53744.19986
53744.20061
53744.20141
53744.20211
53744.20285
53744.20363
53744.20438
53744.20511
53744.20591
53744.20662
53744.20737
53744.20813
53744.20888
53744.20968
53744.21038
53744.21146
53744.21231
53744.21328
53744.21429
53744.21523
53744.21628
53744.21724
53744.21818
53744.21915
53744.22014
53744.22111
53744.2221
53744.22308
53744.22406
53744.22504
53744.22602
53744.22699
53744.22797
53744.22897
53744.22992
53744.2309
53744.23187
53744.23286
53744.23382
53744.2348
53744.23999
53744.24082
53744.2418
53744.24276
53744.24373
53744.24502
53744.24567
53744.24648
53744.24731
53744.24812
53744.24897
53744.24995
53744.25088
53744.25182
53744.25276
53744.25346
53744.25422
53744.25501
53744.25581
53744.2566
53744.2574
53744.25818
53744.25898
53744.25976
53744.26059
53744.26137
53744.26216
53744.26298
53744.26375
53744.26454
53744.26533
53744.26614
53744.26693
53744.26774
53744.26852
53744.26932
53744.27012
53744.27094
53744.27171
53744.27255
53744.27333
53744.2741
53744.27494
53744.27571
53744.27654
53744.27734
53744.27815
53744.27899
53744.27975
53744.28056
53744.28134
53744.28219
53744.28298
53744.28378
53744.2846
53744.28541
53744.28618
53744.28703
53744.28778
53744.28859
53744.28939
53744.29019
53744.291
53744.29181
53744.29264
53744.29713
53744.29795
53744.29894
53744.29995
53744.30093
53744.30185
53744.30283
53744.30385
53744.30479
53744.30578
53744.30676
53744.30774
53744.30871
53744.3097
53744.31231
53744.31326
53744.31439
53744.31548
53744.31659
53744.31766
53744.31874
53744.31983
53744.32097
53744.32201
53744.32452
53744.32556
53744.32657
53744.32775
53744.32877
53744.32991
53744.33099
53744.33212
53744.33316
53744.33427
53744.33532
53744.33647
53744.33753
53744.33864
53744.33968
53744.34084
53744.34212
53744.34312
53744.34418
53744.34527
53744.34638
53744.34743
53744.34856
53744.34966
53744.35076
53744.35182
53744.35296
53744.354
53744.35513
53744.35619
53744.35743
53744.35844
53744.35952
53744.36064
53744.36179
53744.36288
53744.36398
53744.365
53744.3662
53744.36719
53744.36835
53744.36951
53744.3705
53744.37167
53744.37281
53744.37383
53744.37493
53744.37598
53744.37712
53744.37825
53744.37937
53744.38073
53744.38145
53744.38232
53744.38324
53744.38413
53744.38499
53744.38587
53744.38667
53744.38756
53744.38841
53744.38931
53744.39016
53744.39106
53744.39189
53744.39279
53744.39845
53744.39917
53744.40035
53744.40095
53744.40173
53744.40248
53744.40324
53744.40398
53744.40476
53744.40552
53744.40627
53744.407
53744.40773
53744.40855
53744.40924
53744.41005
53744.41083
53744.41151
53744.41234
53744.41309
53744.41384
53744.41464
53744.41529
53744.41611
53744.41895
53744.41966
53744.42038
53744.42121
53744.42191
53744.42263
53744.42337
53744.42409
53744.42484
53744.42562
53744.42637
53744.4271
53744.42786
53744.42862
53744.42942
53744.43029
53744.43094
53744.43165
53744.43244
53744.43316
53744.43393
53744.43505
53744.4359
53744.43695
53744.43798
53744.43985
53744.4408
53744.44181
53744.44282
53744.44379
53744.44474
53744.44577
53744.44675
53744.44772
53744.44883
53744.44974
53744.45081
53744.45165
53744.45269
53744.45361
53744.45464
53744.45585
53744.45691
53744.45812
53744.45943
53744.46064
53744.46184
53744.46299
53744.46458
53744.46583
53744.46711
53744.46854
53745.13767
53745.13867
53745.13968
53745.14069
53745.1417
53745.1427
53745.1437
53745.14471
53745.14576
53745.14676
53745.14779
53745.14938
53745.15028
53745.15118
53745.15207
53745.15296
53745.15385
53745.15475
53745.15564
53745.15653
53745.15742
53745.15831
53745.15919
53745.16008
53745.16097
53745.16186
53745.16275
53745.16366
53745.16454
53745.16544
53745.16632
53745.16721
53745.1681
53745.16899
53745.16987
53745.17104
53745.17182
53745.1726
53745.17337
53745.17414
53745.17491
53745.17569
53745.17648
53745.17725
53745.17808
53745.17886
53745.17966
53745.18385
53745.18461
53745.18539
53745.18615
53745.18693
53745.1877
53745.18847
53745.18924
53745.19001
53745.19078
53745.19155
53745.19262
53745.19327
53745.19392
53745.19458
53745.19525
53745.19592
53745.19658
53745.19724
53745.19789
53745.19855
53745.19921
53745.19987
53745.2007
53745.20138
53745.20204
53745.20272
53745.20338
53745.20405
53745.20469
53745.20536
53745.20601
53745.20667
53745.20733
53745.20798
53745.20864
53745.20929
53745.20995
53745.21061
53745.21126
53745.21191
53745.21256
53745.21321
53745.21386
53745.21451
53745.21517
53745.21582
53745.21649
53745.21714
53745.21779
53745.21844
53745.2191
53745.21976
53745.22041
53745.22105
53745.22173
53745.22239
53745.22305
53745.22506
53745.22593
53745.22682
53745.2277
53745.22858
53745.22946
53745.23034
53745.23122
53745.2321
53745.23299
53745.23387
53745.23474
53745.23562
53745.23651
53745.23743
53745.23834
53745.23924
53745.24014
53745.24105
53745.24195
53745.24286
53745.24376
53745.24467
53745.24558
53745.24665
53745.24772
53745.24879
53745.24986
53745.25076
53745.25166
53745.25285
53745.25364
53745.25443
53745.25522
53745.25601
53745.25681
53745.25761
53745.25841
53745.25921
53745.26001
53745.26081
53745.26161
53745.26242
53745.26323
53745.26403
53745.26483
53745.26563
53745.26643
53745.26722
53745.26803
53745.26883
53745.26965
53745.27045
53745.27125
53745.27206
53745.27286
53745.27366
53745.27478
53745.27546
53745.27617
53745.27685
53745.27755
53745.27824
53745.27894
53745.27962
53745.2803
53745.28099
53745.28167
53745.28234
53745.28302
53745.28371
53745.28439
53745.28504
53745.28572
53745.28637
53745.28701
53745.28769
53745.28834
53745.28901
53745.28966
53745.29032
53745.29096
53745.29161
53745.29228
53745.29293
53745.29357
53745.29422
53745.29487
53745.29552
53745.29617
53745.29684
53745.29752
53745.29817
53745.29884
53745.29949
53745.30015
53745.3008
53745.30147
53745.30212
53745.30279
53745.30344
53745.3041
53745.30475
53745.30541
53745.30609
53745.30675
53745.30743
53745.30808
53745.30875
53745.30941
53745.31008
53745.31074
53745.3114
53745.31206
53745.31272
53745.31339
53745.31404
53745.3147
53745.31866
53745.31937
53745.32002
53745.32067
53745.32134
53745.32203
53745.32268
53745.32335
53745.324
53745.32466
53745.32531
53745.32598
53745.32666
53745.32731
53745.32799
53745.32864
53745.32929
53745.32993
53745.33059
53745.33124
53745.33191
53745.33256
53745.33321
53745.33386
53745.33451
53745.33517
53745.33585
53745.33651
53745.33718
53745.33783
53745.33851
53745.33917
53745.33983
53745.3405
53745.34116
53745.34184
53745.34249
53745.34315
53745.34382
53745.34449
53745.34515
53745.34583
53745.34649
53745.34713
53745.3478
53745.34848
53745.34913
53745.34978
53745.35046
53745.35112
53745.35179
53745.35244
53745.3531
53745.35377
53745.35443
53745.3551
53745.35577
53745.35644
53745.3571
53745.35777
53745.35842
53745.35908
53745.35975
53745.36041
53745.36107
53745.36173
53745.36241
53745.36307
53745.36373
53745.36439
53745.36507
53745.36572
53745.36638
53745.36705
53745.36772
53745.36839
53745.36906
53745.36973
53745.37039
53745.37105
53745.37171
53745.37238
53745.37304
53745.37369
53745.37435
53745.37502
53745.37568
53745.37638
53745.37703
53745.3777
53745.37836
53745.37905
53745.37971
53745.38037
53745.38102
53745.38172
53745.38241
53745.3831
53745.38376
53745.38809
53745.38875
53745.3894
53745.39007
53745.39073
53745.3914
53745.39206
53745.39272
53745.39339
53745.39405
53745.39472
53745.39538
53745.39604
53745.39671
53745.39737
53745.39804
53745.39872
53745.39938
53745.40007
53745.40073
53745.40141
53745.40207
53745.40273
53745.4034
53745.40408
53745.40477
53745.40543
53745.40611
53745.40677
53745.40744
53745.4081
53745.40877
53745.40944
53745.41011
53745.41078
53745.41145
53745.41212
53745.41278
53745.41346
53745.41413
53745.4148
53745.41547
53745.41613
53745.41681
53745.41748
53745.41816
53745.41901
53745.42489
53745.42556
53745.42623
53745.4269
53745.42757
53745.42824
53745.42891
53745.42958
53745.43025
53745.43092
53745.43159
53745.43226
53745.43293
53745.4336
53745.43428
53745.43497
53745.43564
53745.43631
53745.43698
53745.43765
53745.43832
53745.43899
53745.43967
53745.44034
53745.44102
53745.44169
53745.44236
53745.44303
53745.44371
53745.44438
53745.44506
53745.44573
53745.4464
53745.44708
53745.44775
53745.44842
53745.4491
53745.44977
53745.45045
53745.45112
53745.45179
53745.45245
53745.45313
53745.45381
53745.45448
53745.45516
53745.45583
53745.45651
53745.45718
53745.45786
53745.45854
53745.45921
53745.45987
53745.46055
53745.46122
53745.46189
53745.46257
53745.46324
53745.46391
53745.46485
53745.46579
53745.46668
53745.46782
53745.46873
53745.46963
53745.47054
53745.47144
53745.47234
53745.47325
53745.47415
53745.47506
53745.47596
53745.47686
53745.47777
53745.47868
53745.47957
53753.12073
53753.12157
53753.12308
53753.12356
53753.12419
53753.12484
53753.12742
53753.12807
53753.12875
53753.12936
53753.12999
53753.13068
53753.13128
53753.13194
53753.13259
53753.13372
53753.13434
53753.1397
53753.14146
53753.14194
53753.14291
53753.14345
53753.14403
53753.14469
53753.14533
53753.14596
53753.14699
53753.14771
53753.14889
53753.15009
53753.15176
53753.15271
53753.1538
53753.15491
53753.15605
53753.15712
53753.15826
53753.15933
53753.16043
53753.16187
53753.16262
53753.16344
53753.16438
53753.16976
53753.17024
53753.17092
53753.17155
53753.17221
53753.17293
53753.17348
53753.1741
53753.17475
53753.17539
53753.17604
53753.17707
53753.1777
53753.17846
53753.17916
53753.1799
53753.18066
53753.18141
53753.18215
53753.18293
53753.18367
53753.1849
53753.18543
53753.18606
53753.18668
53753.18732
53753.18795
53753.18859
53753.18926
53753.18986
53753.19051
53753.19115
53753.19178
53753.19242
53753.19305
53753.19369
53753.19432
53753.19495
53753.19558
53753.19623
53753.19691
53753.1975
53753.19813
53753.19878
53753.1994
53753.20004
53753.20067
53753.20133
53753.20194
53753.20256
53753.20318
53753.20383
53753.20446
53753.20509
53753.20572
53753.20636
53753.20699
53753.20763
53753.20824
53753.20887
53753.20954
53753.21017
53753.21082
53753.21148
53753.21211
53753.21274
53753.21339
53753.21403
53753.21468
53753.2153
53753.21592
53753.21657
53753.21722
53753.21785
53753.21876
53753.21937
53753.22037
53753.22108
53753.22193
53753.22278
53753.22369
53753.22475
53753.22571
53753.22667
53753.22762
53753.22858
53753.2293
53753.23015
53753.23101
53753.23594
53753.23658
53753.23739
53753.23855
53753.23902
53753.23966
53753.24029
53753.24095
53753.24157
53753.2422
53753.24282
53753.24345
53753.24409
53753.24471
53753.24537
53753.24598
53753.24661
53753.24727
53753.24788
53753.24858
53753.2492
53753.24983
53753.25049
53753.25112
53753.2518
53753.25241
53753.25302
53753.25366
53753.25428
53753.25492
53753.25558
53753.25618
53753.25683
53753.25749
53753.25813
53753.25877
53753.25941
53753.26004
53753.26068
53753.26134
53753.26197
53753.26265
53753.26325
53753.2639
53753.26452
53753.2652
53753.26579
53753.26642
53753.26706
53753.26773
53753.26836
53753.26899
53753.26961
53753.27026
53753.27089
53753.27154
53753.27217
53753.27284
53753.27347
53753.27412
53753.27473
53753.27918
53753.27966
53753.28034
53753.28094
53753.28159
53753.28223
53753.28292
53753.28353
53753.28417
53753.28481
53753.28547
53753.28611
53753.28674
53753.28738
53753.28803
53753.28868
53753.28932
53753.28995
53753.29059
53753.29125
53753.29186
53753.29252
53753.29316
53753.2938
53753.29445
53753.29509
53753.29572
53753.29635
53753.29705
53753.29762
53753.29826
53753.29889
53753.29958
53753.30017
53753.30085
53753.30145
53753.3021
53753.30273
53753.30336
53753.30399
53753.30464
53753.30526
53753.30596
53753.30656
53753.30721
53753.30787
53753.30848
53753.30913
53753.30978
53753.31042
53753.31112
53753.31172
53753.3124
53753.31298
53753.31364
53753.31428
53753.31492
53753.31556
53753.3162
53753.31684
53753.31748
53753.31882
53753.31941
53753.32005
53753.32074
53754.14737
53754.14871
53754.15103
53754.15317
53754.15531
53754.15956
53754.16115
53754.16271
53754.16429
53754.16601
53754.168
53754.1701
53754.17229
53754.17519
53754.17641
53754.17762
53754.17883
53754.18005
53754.18137
53754.18409
53754.18554
53754.18698
53754.18842
53754.18988
53754.19133
53754.19755
53754.19888
53754.20035
53754.20144
53754.23225
53754.23369
53754.23529
53754.23615
53754.23701
53754.23789
53754.23893
53754.23979
53754.24067
53754.24164
53754.24273
53754.24383
53754.24511
53754.24655
53754.248
53754.24944
53754.25088
53754.2524
53754.25338
53754.25437
53754.25536
53754.25634
53754.25745
53754.25889
53754.26033
53754.26178
53754.26323
53754.26481
53754.26603
53754.26726
53754.26975
53754.27096
53754.27644
53754.27766
53754.27901
53754.27987
53754.28075
53754.28163
53754.28249
53754.28337
53754.28425
53754.28512
53754.286
53754.28687
53754.28775
53754.28862
53754.28949
53754.29037
53754.29123
53754.29212
53754.293
53754.29387
53754.29475
53754.29562
53754.2965
53754.29737
53754.29825
53754.29912
53754.3
53754.30087
53754.30174
53754.30262
53755.11546
53755.11736
53755.11927
53755.12119
53755.12309
53755.13097
53755.13253
53755.13424
53755.13568
53755.13736
53755.13869
53755.14002
53755.14135
53755.1427
53755.14404
53755.14537
53755.1467
53755.14803
53755.14935
53755.1507
53755.15202
53755.15335
53755.15469
53755.15603
53755.15753
53755.15898
53755.16042
53755.16187
53755.16331
53755.16475
53755.16619
53755.16788
53755.16921
53755.17054
53755.17189
53755.17322
53755.17454
53755.17586
53755.1772
53755.17852
53755.17986
53755.18118
53755.1825
53755.18382
53755.18514
53755.18648
53755.18781
53755.18913
53755.19045
53755.19178
53755.1931
53755.19442
53755.19593
53755.19749
53755.19918
53755.20107
53755.20297
53755.20487
53755.21194
53755.21396
53755.21597
53755.21799
53755.22042
53755.22287
53755.22523
53755.22759
53755.22994
53755.23231
53755.23487
53755.23652
53755.23819
53755.23985
53755.24152
53755.24485
53755.24652
53755.2482
53755.24986
53755.25961
53755.26162
53755.26445
53755.26611
53755.26778
53755.27026
53755.27157
53755.2729
53755.27422
53755.27555
53755.27833
53755.27931
53755.28029
53755.28127
53755.28224
53755.28321
53755.28418
53755.28516
53755.28614
53755.28711
53755.28809
53755.28942
53755.29052
53756.08268
53756.08469
53756.08673
53756.08915
53756.09153
53756.09288
53756.09422
53756.09557
53756.09692
53756.0985
53756.09996
53756.10143
53756.1029
53756.10437
53756.10582
53756.11019
53756.11195
53756.11388
53756.11661
53756.11819
53756.11976
53756.12543
53756.12643
53756.12742
53756.12841
53756.1294
53756.13038
53756.13138
53756.13237
53756.13337
53756.13436
53756.13534
53756.13634
53756.13732
53756.13832
53756.13931
53756.1403
53756.14128
53756.14248
53756.14347
53756.14446
53756.14545
53756.14644
53756.14744
53756.14842
53756.14941
53756.1504
53756.15138
53756.15239
53756.15338
53756.15477
53756.15622
53756.15768
53756.15913
53756.16092
53756.16276
53756.16387
53756.16497
53756.16608
53756.16719
53756.16891
53756.17023
53756.17185
53756.17295
53756.17433
53756.17532
53756.17631
53756.1773
53756.17828
53756.17928
53756.18028
53756.18309
53756.18406
53756.18535
53756.1861
53756.18712
53756.18822
53756.18932
53756.19043
53756.19153
53756.19264
53756.19374
53756.19484
53756.19596
53756.19753
53756.1984
53756.19927
53756.20015
53756.20102
53756.20189
53756.20276
53756.20363
53756.20869
53756.20968
53756.21066
53756.21167
53756.2129
53756.21377
53756.21465
53756.21552
53756.21655
53756.21794
53756.2189
53756.21989
53756.22074
53756.22156
53756.22237
53756.22318
53756.22401
53756.22482
53756.22563
53756.22644
53756.22725
53756.22806
53756.22887
53756.22969
53756.23051
53756.23132
53756.23214
53756.23295
53756.23377
53756.23458
53756.23571
53756.23693
53756.23815
53756.23937
53756.24059
53756.24182
53756.24304
53756.24427
53756.24549
53756.24672
53756.24796
53756.24919
53756.25041
53756.25165
53756.25288
53756.25411
53756.25533
53756.25656
53756.26001
53756.26264
53756.2705
53756.27313
53756.27576
53756.27839
53756.28102
53756.28655
53756.28918
