  53725.178920000  10.12390   0.00060
  53725.188920000  10.12510   0.00052
  53725.198920000  10.12760   0.00064
  53725.208920000  10.13120   0.00063
  53725.218920000  10.13340   0.00057
  53725.228920000  10.13625   0.00058
  53725.238920000  10.13940   0.00052
  53725.248920000  10.14110   0.00053
  53725.258920000  10.14500   0.00121
  53725.268920000  10.14640   0.00091
  53725.278920000  10.14800   0.00050
  53725.288920000  10.14980   0.00050
  53725.298920000  10.15270   0.00054
  53725.308920000  10.15430   0.00052
  53725.318920000  10.15685   0.00107
  53725.328920000  10.15730   0.00050
  53725.338920000  10.15930   0.00049
  53725.348920000  10.16170   0.00051
  53725.358920000  10.16180   0.00049
  53725.368920000  10.16310   0.00070
  53725.378920000  10.16565   0.00056
  53725.388920000  10.16930   0.00060
  53725.398920000  10.16840   0.00045
  53725.408920000  10.16880   0.00051
  53725.418920000  10.17045   0.00043
  53725.428920000  10.17005   0.00052
  53725.438920000  10.17120   0.00041
  53725.448920000  10.17080   0.00052
  53725.468920000  10.17200   0.00051
  53725.478920000  10.17150   0.00034
  53725.488920000  10.17160   0.00044
  53725.498920000  10.17185   0.00056
  53726.128920000  10.07180   0.00048
  53726.138920000  10.07150   0.00034
  53726.148920000  10.07190   0.00033
  53726.168920000  10.07500   0.00028
  53726.208920000  10.07930   0.00020
  53726.218920000  10.08070   0.00020
  53726.228920000  10.08365   0.00022
  53726.238920000  10.08495   0.00025
  53726.248920000  10.08610   0.00049
  53726.258920000  10.08790   0.00055
  53726.278920000  10.09165   0.00041
  53726.288920000  10.09300   0.00025
  53726.298920000  10.09420   0.00021
  53726.308920000  10.09760   0.00023
  53726.318920000  10.09920   0.00034
  53726.328920000  10.10270   0.00028
  53726.338920000  10.10445   0.00029
  53726.348920000  10.10715   0.00027
  53726.358920000  10.10940   0.00033
  53726.408920000  10.12180   0.00083
  53726.418920000  10.12290   0.00056
  53726.428920000  10.12505   0.00029
  53726.438920000  10.12760   0.00024
  53726.448920000  10.13160   0.00048
  53726.458920000  10.13355   0.00034
  53726.468920000  10.13625   0.00026
  53726.478920000  10.13910   0.00025
  53726.488920000  10.14220   0.00023
  53726.498920000  10.14360   0.00034
  53726.508920000  10.14650   0.00033
  53726.518920000  10.15070   0.00109
  53727.138920000  10.09465   0.00035
  53727.148920000  10.09255   0.00027
  53727.158920000  10.09250   0.00029
  53727.168920000  10.08880   0.00033
  53727.178920000  10.08680   0.00031
  53727.188920000  10.08620   0.00055
  53727.198920000  10.08665   0.00038
  53727.208920000  10.08455   0.00024
  53727.218920000  10.08220   0.00037
  53727.228920000  10.07930   0.00028
  53727.238920000  10.07930   0.00027
  53727.248920000  10.07710   0.00024
  53727.258920000  10.07540   0.00034
  53727.268920000  10.07460   0.00032
  53727.278920000  10.07420   0.00052
  53727.288920000  10.07265   0.00029
  53727.298920000  10.07290   0.00033
  53727.308920000  10.07200   0.00040
  53727.318920000  10.07290   0.00034
  53728.108920000  10.15915   0.00071
  53728.118920000  10.15430   0.00079
  53728.138920000  10.15230   0.00113
  53728.158920000  10.14970   0.00167
  53728.168920000  10.14820   0.00086
  53728.188920000  10.13920   0.00050
  53728.198920000  10.13860   0.00044
  53728.208920000  10.13490   0.00058
  53728.218920000  10.13405   0.00118
  53728.228920000  10.13300   0.00037
  53728.238920000  10.12900   0.00035
  53728.248920000  10.12560   0.00045
  53728.258920000  10.12395   0.00064
  53728.298920000  10.11260   0.00087
  53728.318920000  10.10780   0.00035
  53728.328920000  10.10510   0.00028
  53728.338920000  10.10300   0.00028
  53728.348920000  10.10060   0.00024
  53728.358920000  10.09820   0.00024
  53728.388920000  10.09215   0.00054
  53728.398920000  10.08930   0.00237
  53728.408920000  10.08810   0.00129
  53728.418920000  10.08600   0.00086
  53728.428920000  10.08440   0.00064
  53728.438920000  10.08380   0.00067
  53728.448920000  10.08170   0.00100
  53728.458920000  10.08025   0.00055
  53728.468920000  10.08045   0.00069
  53728.478920000  10.07750   0.00084
  53728.488920000  10.07775   0.00084
  53728.498920000  10.07480   0.00103
  53730.148920000  10.13570   0.00143
  53730.158920000  10.13710   0.00072
  53730.168920000  10.13820   0.00078
  53730.178920000  10.14010   0.00084
  53730.188920000  10.14230   0.00063
  53730.198920000  10.14320   0.00066
  53730.208920000  10.14690   0.00065
  53730.218920000  10.14710   0.00064
  53730.228920000  10.14935   0.00080
  53730.238920000  10.15040   0.00063
  53730.258920000  10.15330   0.00062
  53730.268920000  10.15600   0.00036
  53730.278920000  10.15865   0.00024
  53730.288920000  10.16050   0.00030
  53730.298920000  10.16140   0.00047
  53730.308920000  10.16450   0.00081
  53730.318920000  10.16550   0.00052
  53730.328920000  10.16680   0.00048
  53730.338920000  10.16740   0.00049
  53730.348920000  10.16780   0.00056
  53730.358920000  10.16860   0.00053
  53730.368920000  10.16980   0.00072
  53730.378920000  10.17130   0.00053
  53730.388920000  10.17130   0.00059
  53730.398920000  10.17170   0.00099
  53730.408920000  10.17145   0.00027
  53730.418920000  10.17190   0.00029
  53730.428920000  10.17310   0.00042
  53730.438920000  10.16710   0.00109
  53730.458920000  10.17150   0.00029
  53730.468920000  10.16940   0.00042
  53730.478920000  10.16725   0.00070
  53731.138920000  10.07870   0.00093
  53731.148920000  10.08160   0.00075
  53731.158920000  10.08210   0.00077
  53731.168920000  10.08400   0.00087
  53731.178920000  10.08510   0.00062
  53731.188920000  10.08680   0.00059
  53731.198920000  10.08875   0.00055
  53731.208920000  10.09050   0.00095
  53731.218920000  10.09060   0.00093
  53731.228920000  10.09440   0.00144
  53731.248920000  10.09570   0.00148
  53731.258920000  10.09970   0.00066
  53731.278920000  10.10580   0.00105
  53731.288920000  10.10630   0.00087
  53731.348920000  10.11810   0.00192
  53731.358920000  10.12370   0.00081
  53731.368920000  10.12500   0.00246
  53731.378920000  10.12820   0.00083
  53731.388920000  10.13120   0.00146
  53732.128920000  10.08565   0.00035
  53732.138920000  10.08500   0.00034
  53732.148920000  10.08170   0.00034
  53732.158920000  10.07895   0.00030
  53732.168920000  10.07820   0.00028
  53732.178920000  10.07465   0.00074
  53732.188920000  10.07870   0.00023
  53732.198920000  10.07620   0.00025
  53732.208920000  10.07510   0.00031
  53732.218920000  10.07545   0.00029
  53732.228920000  10.07360   0.00033
  53732.238920000  10.07280   0.00036
  53732.248920000  10.07400   0.00053
  53732.258920000  10.07220   0.00024
  53732.268920000  10.07315   0.00029
  53732.278920000  10.07020   0.00025
  53732.288920000  10.07190   0.00022
  53732.298920000  10.07230   0.00031
  53732.308920000  10.07280   0.00031
  53732.318920000  10.07420   0.00038
  53732.328920000  10.07400   0.00068
  53732.338920000  10.07355   0.00091
  53732.348920000  10.07370   0.00059
  53732.358920000  10.07470   0.00056
  53732.368920000  10.07590   0.00104
  53732.378920000  10.07690   0.00034
  53732.388920000  10.07985   0.00039
  53732.398920000  10.08210   0.00034
  53732.408920000  10.08250   0.00041
  53732.418920000  10.08355   0.00055
  53732.428920000  10.08470   0.00032
  53732.438920000  10.08760   0.00063
  53732.448920000  10.08945   0.00034
  53732.458920000  10.09070   0.00044
  53732.468920000  10.09240   0.00032
  53733.158920000  10.13405   0.00057
  53733.168920000  10.12990   0.00034
  53733.178920000  10.12790   0.00047
  53733.188920000  10.12670   0.00032
  53733.198920000  10.12250   0.00036
  53733.208920000  10.12195   0.00029
  53733.218920000  10.11710   0.00027
  53733.228920000  10.11430   0.00027
  53733.238920000  10.11330   0.00027
  53733.248920000  10.10985   0.00034
  53733.258920000  10.10825   0.00030
  53733.268920000  10.10520   0.00031
  53733.278920000  10.10410   0.00055
  53733.298920000  10.09920   0.00024
  53733.308920000  10.09435   0.00032
  53733.318920000  10.09080   0.00037
  53733.328920000  10.09120   0.00045
  53733.338920000  10.08895   0.00055
  53733.348920000  10.08760   0.00030
  53733.358920000  10.08665   0.00039
  53733.368920000  10.08360   0.00041
  53733.378920000  10.08180   0.00027
  53733.388920000  10.07970   0.00029
  53733.398920000  10.07920   0.00051
  53733.408920000  10.08020   0.00073
  53733.418920000  10.07945   0.00089
  53733.428920000  10.07460   0.00074
  53733.438920000  10.07330   0.00063
  53733.448920000  10.07630   0.00075
  53733.458920000  10.07640   0.00092
  53733.468920000  10.07190   0.00122
  53734.158920000  10.17215   0.00081
  53734.168920000  10.17110   0.00058
  53734.178920000  10.17070   0.00057
  53734.188920000  10.17050   0.00062
  53734.198920000  10.16940   0.00060
  53734.208920000  10.16925   0.00103
  53734.218920000  10.16730   0.00073
  53734.228920000  10.16640   0.00071
  53734.238920000  10.16420   0.00101
  53734.248920000  10.16340   0.00074
  53734.258920000  10.15930   0.00192
  53734.268920000  10.15950   0.00067
  53734.278920000  10.15790   0.00067
  53734.288920000  10.15920   0.00094
  53734.318920000  10.15130   0.00099
  53734.328920000  10.14800   0.00069
  53734.338920000  10.14570   0.00059
  53734.348920000  10.14385   0.00064
  53734.358920000  10.14120   0.00035
  53734.368920000  10.13930   0.00035
  53734.378920000  10.13570   0.00034
  53734.388920000  10.13380   0.00037
  53734.398920000  10.13120   0.00044
  53734.408920000  10.12940   0.00054
  53734.418920000  10.12425   0.00051
  53734.428920000  10.12405   0.00050
  53735.178920000  10.15080   0.00086
  53735.188920000  10.15290   0.00046
  53735.208920000  10.15715   0.00037
  53735.218920000  10.15880   0.00052
  53735.228920000  10.15905   0.00055
  53735.238920000  10.16275   0.00061
  53735.248920000  10.16410   0.00069
  53735.258920000  10.16330   0.00090
  53735.268920000  10.16510   0.00069
  53735.278920000  10.16690   0.00034
  53735.288920000  10.16730   0.00034
  53735.298920000  10.17020   0.00045
  53735.308920000  10.16915   0.00069
  53735.318920000  10.17120   0.00077
  53735.328920000  10.17055   0.00046
  53735.338920000  10.17000   0.00027
  53735.348920000  10.17120   0.00027
  53735.358920000  10.17070   0.00140
  53735.368920000  10.17540   0.00119
  53735.378920000  10.17100   0.00083
  53735.388920000  10.17335   0.00051
  53735.398920000  10.17005   0.00096
  53735.408920000  10.17220   0.00091
  53735.418920000  10.17100   0.00110
  53736.468920000  10.16080   0.00211
  53737.248920000  10.07055   0.00034
  53737.258920000  10.07170   0.00026
  53737.268920000  10.07255   0.00032
  53737.278920000  10.07240   0.00051
  53737.288920000  10.07410   0.00030
  53737.298920000  10.07420   0.00034
  53737.308920000  10.07590   0.00125
  53737.318920000  10.07810   0.00047
  53737.328920000  10.07860   0.00042
  53737.338920000  10.08110   0.00036
  53737.348920000  10.08310   0.00033
  53737.358920000  10.08365   0.00035
  53737.368920000  10.08615   0.00052
  53737.378920000  10.08740   0.00057
  53737.388920000  10.08960   0.00057
  53737.398920000  10.09170   0.00085
  53737.408920000  10.09505   0.00063
  53737.418920000  10.09290   0.00062
  53737.428920000  10.09610   0.00089
  53737.438920000  10.10060   0.00086
  53737.448920000  10.09970   0.00101
  53737.458920000  10.09990   0.00090
  53737.468920000  10.10940   0.00136
  53738.208920000  10.10635   0.00048
  53738.218920000  10.10370   0.00071
  53738.228920000  10.10240   0.00053
  53738.238920000  10.09870   0.00111
  53738.248920000  10.09630   0.00058
  53738.258920000  10.09420   0.00090
  53738.268920000  10.09055   0.00120
  53738.278920000  10.09070   0.00076
  53738.288920000  10.09130   0.00120
  53740.338920000  10.17010   0.00047
  53740.348920000  10.16925   0.00054
  53740.358920000  10.16780   0.00040
  53740.368920000  10.16715   0.00031
  53740.378920000  10.16840   0.00037
  53740.388920000  10.16705   0.00040
  53740.398920000  10.16730   0.00049
  53740.408920000  10.16470   0.00060
  53740.418920000  10.16230   0.00059
  53740.428920000  10.16125   0.00050
  53740.438920000  10.16095   0.00058
  53740.448920000  10.15880   0.00075
  53740.458920000  10.15800   0.00096
  53740.468920000  10.15680   0.00098
  53740.478920000  10.15240   0.00102
  53741.098920000  10.09380   0.00239
  53742.128920000  10.07360   0.00124
  53742.138920000  10.07400   0.00033
  53742.148920000  10.07220   0.00033
  53742.158920000  10.07280   0.00033
  53742.168920000  10.07260   0.00033
  53742.178920000  10.07090   0.00035
  53742.188920000  10.07180   0.00033
  53742.198920000  10.07260   0.00033
  53742.208920000  10.07255   0.00022
  53742.218920000  10.07445   0.00024
  53742.228920000  10.07560   0.00031
  53742.238920000  10.07565   0.00044
  53742.248920000  10.07670   0.00049
  53742.258920000  10.07865   0.00055
  53742.268920000  10.07820   0.00147
  53742.338920000  10.08760   0.00169
  53742.348920000  10.09300   0.00064
  53742.358920000  10.09440   0.00048
  53742.368920000  10.09785   0.00041
  53742.378920000  10.09965   0.00041
  53742.388920000  10.10140   0.00043
  53742.398920000  10.10330   0.00037
  53742.408920000  10.10645   0.00036
  53742.418920000  10.10960   0.00042
  53742.428920000  10.11230   0.00044
  53742.438920000  10.11170   0.00058
  53742.448920000  10.11420   0.00061
  53742.458920000  10.11835   0.00057
  53742.468920000  10.12010   0.00060
  53742.478920000  10.12235   0.00059
  53742.488920000  10.12570   0.00073
  53743.358920000  10.07240   0.00083
  53743.368920000  10.07105   0.00059
  53743.378920000  10.07290   0.00102
  53744.118920000  10.16740   0.00133
  53744.128920000  10.16465   0.00053
  53744.138920000  10.16255   0.00054
  53744.148920000  10.16145   0.00038
  53744.158920000  10.15940   0.00047
  53744.168920000  10.15840   0.00035
  53744.178920000  10.15720   0.00035
  53744.188920000  10.15350   0.00072
  53744.198920000  10.15250   0.00047
  53744.208920000  10.15010   0.00033
  53744.218920000  10.14710   0.00040
  53744.228920000  10.14390   0.00038
  53744.238920000  10.14305   0.00063
  53744.248920000  10.14090   0.00039
  53744.258920000  10.13850   0.00038
  53744.268920000  10.13590   0.00052
  53744.278920000  10.13415   0.00048
  53744.358920000  10.11590   0.00143
  53744.368920000  10.11010   0.00080
  53744.378920000  10.10750   0.00061
  53744.388920000  10.10550   0.00037
  53744.398920000  10.10160   0.00055
  53744.408920000  10.09840   0.00032
  53744.418920000  10.09680   0.00031
  53744.428920000  10.09560   0.00025
  53744.438920000  10.09035   0.00039
  53744.448920000  10.09095   0.00035
  53744.458920000  10.08735   0.00049
  53744.468920000  10.09140   0.00080
  53745.148920000  10.16710   0.00051
  53745.158920000  10.16760   0.00069
  53745.168920000  10.16850   0.00067
  53745.178920000  10.16980   0.00109
  53745.188920000  10.17030   0.00038
  53745.198920000  10.17015   0.00046
  53745.208920000  10.17250   0.00047
  53745.218920000  10.17330   0.00066
  53745.228920000  10.17230   0.00035
  53745.238920000  10.17255   0.00038
  53745.248920000  10.17290   0.00043
  53745.258920000  10.17290   0.00041
  53745.268920000  10.17215   0.00053
  53745.278920000  10.17140   0.00046
  53745.288920000  10.17110   0.00067
  53745.298920000  10.17075   0.00039
  53745.308920000  10.16910   0.00031
  53745.318920000  10.16900   0.00053
  53745.338920000  10.16730   0.00041
  53745.378920000  10.16235   0.00032
  53745.388920000  10.15850   0.00090
  53745.448920000  10.14700   0.00032
  53745.458920000  10.14240   0.00027
  53745.468920000  10.14570   0.00050
  53745.478920000  10.14060   0.00044
  53753.128920000  10.08560   0.00031
  53753.138920000  10.08425   0.00064
  53753.148920000  10.08375   0.00042
  53753.158920000  10.08140   0.00056
  53753.168920000  10.07970   0.00041
  53753.178920000  10.07895   0.00031
  53753.188920000  10.07770   0.00024
  53753.198920000  10.07630   0.00022
  53753.208920000  10.07600   0.00022
  53753.218920000  10.07570   0.00030
  53753.228920000  10.07420   0.00056
  53753.248920000  10.07215   0.00042
  53753.268920000  10.07260   0.00024
  53753.278920000  10.07215   0.00062
  53753.288920000  10.07185   0.00043
  53753.298920000  10.07160   0.00022
  53753.308920000  10.07200   0.00022
  53753.318920000  10.07285   0.00026
  53754.148920000  10.13730   0.00057
  53754.158920000  10.13410   0.00056
  53754.168920000  10.13290   0.00056
  53754.178920000  10.12860   0.00040
  53754.188920000  10.12560   0.00044
  53754.198920000  10.12295   0.00062
  53754.238920000  10.11360   0.00039
  53754.248920000  10.11150   0.00056
  53754.258920000  10.10770   0.00081
  53754.268920000  10.10650   0.00060
  53754.278920000  10.10260   0.00047
  53754.288920000  10.10105   0.00029
  53754.298920000  10.09885   0.00033
  53755.118920000  10.17540   0.00107
  53755.128920000  10.17075   0.00133
  53755.138920000  10.17220   0.00065
  53755.148920000  10.17190   0.00060
  53755.158920000  10.17080   0.00066
  53755.168920000  10.16960   0.00065
  53755.178920000  10.17020   0.00062
  53755.188920000  10.16980   0.00067
  53755.198920000  10.17000   0.00093
  53755.208920000  10.16680   0.00261
  53755.218920000  10.16680   0.00263
  53755.228920000  10.16545   0.00156
  53755.238920000  10.16355   0.00119
  53755.248920000  10.16315   0.00152
  53755.258920000  10.16155   0.00177
  53755.268920000  10.16005   0.00086
  53755.278920000  10.15830   0.00054
  53755.288920000  10.15850   0.00053
  53756.078920000  10.12890   0.00158
  53756.088920000  10.12950   0.00096
  53756.098920000  10.13200   0.00069
  53756.108920000  10.13420   0.00095
  53756.118920000  10.13640   0.00105
  53756.128920000  10.14030   0.00042
  53756.138920000  10.14255   0.00039
  53756.148920000  10.14550   0.00043
  53756.158920000  10.14640   0.00071
  53756.168920000  10.14890   0.00062
  53756.178920000  10.15020   0.00063
  53756.188920000  10.15305   0.00040
  53756.198920000  10.15460   0.00038
  53756.208920000  10.15720   0.00064
  53756.218920000  10.15860   0.00032
  53756.228920000  10.16110   0.00029
  53756.238920000  10.16165   0.00057
  53756.248920000  10.16315   0.00058
  53756.258920000  10.16680   0.00134
  53756.268920000  10.16710   0.00123
  53756.278920000  10.16880   0.00078
