      0.004994845  10.12180   0.00030
      0.014984534  10.12475   0.00029
      0.024974223  10.12795   0.00025
      0.034963912  10.13320   0.00031
      0.044953601  10.13625   0.00030
      0.054943290  10.13870   0.00023
      0.064932980  10.14225   0.00023
      0.074922669  10.14290   0.00024
      0.084912358  10.14725   0.00023
      0.094902047  10.14780   0.00028
      0.104891736  10.15085   0.00029
      0.114881425  10.15290   0.00030
      0.124871115  10.15640   0.00023
      0.134860804  10.15840   0.00018
      0.144850493  10.16015   0.00021
      0.154840182  10.16140   0.00022
      0.164829871  10.16425   0.00029
      0.174819560  10.16600   0.00031
      0.184809250  10.16730   0.00020
      0.194798939  10.16850   0.00020
      0.204788628  10.17010   0.00027
      0.214778317  10.17000   0.00025
      0.224768006  10.17080   0.00027
      0.234757696  10.17145   0.00018
      0.244747385  10.17150   0.00016
      0.254737074  10.17280   0.00021
      0.264726763  10.17210   0.00030
      0.274716452  10.17290   0.00027
      0.284706141  10.17090   0.00022
      0.294695831  10.17060   0.00026
      0.304685520  10.17005   0.00022
      0.314675209  10.16890   0.00023
      0.324664898  10.16830   0.00032
      0.334654587  10.16685   0.00032
      0.344644276  10.16445   0.00050
      0.354633966  10.16325   0.00034
      0.364623655  10.16190   0.00028
      0.374613344  10.16010   0.00029
      0.384603033  10.15840   0.00030
      0.394592722  10.15690   0.00029
      0.404582411  10.15220   0.00051
      0.414572101  10.15045   0.00039
      0.424561790  10.14740   0.00023
      0.434551479  10.14380   0.00021
      0.444541168  10.14130   0.00019
      0.454530857  10.13840   0.00021
      0.464520546  10.13520   0.00025
      0.474510236  10.13290   0.00018
      0.484499925  10.12860   0.00020
      0.494489614  10.12530   0.00023
      0.504479303  10.12300   0.00024
      0.514468992  10.11860   0.00023
      0.524458681  10.11455   0.00024
      0.534448371  10.11310   0.00028
      0.544438060  10.10940   0.00020
      0.554427749  10.10640   0.00018
      0.564417438  10.10490   0.00017
      0.574407127  10.10070   0.00018
      0.584396817  10.09920   0.00014
      0.594386506  10.09570   0.00014
      0.604376195  10.09220   0.00017
      0.614365884  10.08980   0.00020
      0.624355573  10.08710   0.00020
      0.634345262  10.08595   0.00021
      0.644334952  10.08410   0.00017
      0.654324641  10.08140   0.00016
      0.664314330  10.07970   0.00017
      0.674304019  10.07850   0.00022
      0.684293708  10.07790   0.00014
      0.694283397  10.07580   0.00018
      0.704273087  10.07590   0.00016
      0.714262776  10.07450   0.00017
      0.724252465  10.07325   0.00021
      0.734242154  10.07240   0.00026
      0.744231843  10.07270   0.00017
      0.754221532  10.07130   0.00018
      0.764211222  10.07195   0.00015
      0.774200911  10.07180   0.00018
      0.784190600  10.07190   0.00012
      0.794180289  10.07250   0.00014
      0.804169978  10.07390   0.00016
      0.814159667  10.07460   0.00018
      0.824149357  10.07545   0.00026
      0.834139046  10.07775   0.00023
      0.844128735  10.07970   0.00016
      0.854118424  10.08280   0.00017
      0.864108113  10.08395   0.00018
      0.874097802  10.08590   0.00023
      0.884087492  10.08770   0.00026
      0.894077181  10.09015   0.00023
      0.904066870  10.09290   0.00022
      0.914056559  10.09460   0.00019
      0.924046248  10.09750   0.00023
      0.934035937  10.10020   0.00023
      0.944025627  10.10275   0.00023
      0.954015316  10.10610   0.00021
      0.964005005  10.10880   0.00027
      0.973994694  10.11065   0.00039
      0.983984383  10.11270   0.00050
      0.993974073  10.11420   0.00051
