     -0.497195157  10.16610   0.00077
     -0.492196891  10.16605   0.00083
     -0.487198625  10.16360   0.00083
     -0.482200359  10.16410   0.00074
     -0.477202093  10.16560   0.00067
     -0.472203826  10.16510   0.00065
     -0.467205560  10.16500   0.00067
     -0.462207294  10.16460   0.00081
     -0.457209028  10.16615   0.00081
     -0.452210762  10.16640   0.00081
     -0.447212496  10.16825   0.00081
     -0.442214230  10.16300   0.00093
     -0.437215964  10.16580   0.00139
     -0.432217697  10.16540   0.00138
     -0.427219431  10.16540   0.00147
     -0.422221165  10.16815   0.00102
     -0.417222899  10.16605   0.00100
     -0.412224633  10.16550   0.00084
     -0.407226367  10.16460   0.00067
     -0.402228101  10.16750   0.00105
     -0.397229835  10.16570   0.00069
     -0.392231568  10.16645   0.00069
     -0.387233302  10.16720   0.00069
     -0.382235036  10.16680   0.00083
     -0.377236770  10.16890   0.00090
     -0.372238504  10.16685   0.00089
     -0.367240238  10.16690   0.00102
     -0.357243706  10.17450   0.00069
     -0.352245439  10.16940   0.00096
     -0.347247173  10.16780   0.00084
     -0.342248907  10.17170   0.00065
     -0.337250641  10.16780   0.00082
     -0.332252375  10.17145   0.00071
     -0.317257577  10.17070   0.00078
     -0.312259310  10.16880   0.00079
     -0.307261044  10.16770   0.00078
     -0.302262778  10.17030   0.00101
     -0.297264512  10.17150   0.00078
     -0.292266246  10.16990   0.00082
     -0.287267980  10.16890   0.00084
     -0.282269714  10.16935   0.00090
     -0.277271448  10.16680   0.00097
     -0.272273181  10.16825   0.00105
     -0.267274915  10.16670   0.00094
     -0.262276649  10.16530   0.00114
     -0.257278383  10.16310   0.00139
     -0.252280117  10.16705   0.00139
     -0.247281851  10.16840   0.00094
     -0.242283585  10.16300   0.00092
     -0.237285319  10.16700   0.00091
     -0.232287052  10.17110   0.00110
     -0.227288786  10.16470   0.00123
     -0.222290520  10.16460   0.00100
     -0.217292254  10.16650   0.00076
     -0.212293988  10.16650   0.00076
     -0.207295722  10.16665   0.00075
     -0.202297456  10.16670   0.00073
     -0.197299190  10.16935   0.00069
     -0.192300923  10.16540   0.00093
     -0.187302657  10.16750   0.00079
     -0.182304391  10.16650   0.00146
     -0.177306125  10.16600   0.00076
     -0.172307859  10.16510   0.00083
     -0.167309593  10.16980   0.00074
     -0.162311327  10.16810   0.00103
     -0.157313061  10.15990   0.00090
     -0.152314794  10.16620   0.00075
     -0.147316528  10.16390   0.00089
     -0.142318262  10.16325   0.00093
     -0.137319996  10.16575   0.00079
     -0.132321730  10.16650   0.00080
     -0.127323464  10.17110   0.00122
     -0.122325198  10.16650   0.00125
     -0.117326932  10.16330   0.00142
     -0.112328665  10.16850   0.00135
     -0.107330399  10.16930   0.00144
     -0.102332133  10.16690   0.00155
     -0.097333867  10.16250   0.00174
     -0.092335601  10.16200   0.00152
     -0.087337335  10.16670   0.00169
     -0.082339069  10.16760   0.00186
     -0.077340803  10.16605   0.00088
     -0.072342536  10.16640   0.00080
     -0.067344270  10.16620   0.00083
     -0.062346004  10.16645   0.00083
     -0.057347738  10.16730   0.00086
     -0.052349472  10.16640   0.00087
     -0.047351206  10.16540   0.00076
     -0.042352940  10.16740   0.00068
     -0.037354674  10.16550   0.00083
     -0.032356407  10.16630   0.00100
     -0.027358141  10.16610   0.00075
     -0.022359875  10.16710   0.00078
     -0.017361609  10.17390   0.00089
     -0.012363343  10.17885   0.00092
     -0.007365077  10.17940   0.00089
     -0.002366811  10.18040   0.00088
      0.002631455  10.17620   0.00089
      0.007629722  10.17790   0.00088
      0.012627988  10.17465   0.00088
      0.017626254  10.16685   0.00072
      0.022624520  10.16600   0.00071
      0.027622786  10.16730   0.00074
      0.032621052  10.16840   0.00114
      0.037619318  10.16510   0.00120
      0.042617584  10.16480   0.00120
      0.047615850  10.16805   0.00119
      0.052614117  10.16560   0.00119
      0.057612383  10.17140   0.00081
      0.062610649  10.16645   0.00077
      0.067608915  10.16670   0.00075
      0.072607181  10.16505   0.00119
      0.077605447  10.16790   0.00113
      0.082603713  10.16755   0.00122
      0.087601979  10.16695   0.00118
      0.092600246  10.16590   0.00116
      0.097598512  10.16800   0.00108
      0.102596778  10.16900   0.00108
      0.107595044  10.16735   0.00106
      0.112593310  10.16920   0.00110
      0.117591576  10.16665   0.00106
      0.122589842  10.16775   0.00108
      0.127588108  10.16710   0.00132
      0.132586375  10.16570   0.00132
      0.137584641  10.16730   0.00118
      0.142582907  10.16665   0.00112
      0.147581173  10.16850   0.00112
      0.152579439  10.16850   0.00112
      0.157577705  10.17285   0.00103
      0.162575971  10.16720   0.00101
      0.167574237  10.17110   0.00110
      0.172572504  10.16880   0.00136
      0.177570770  10.16870   0.00114
      0.182569036  10.16830   0.00114
      0.187567302  10.16940   0.00082
      0.192565568  10.16850   0.00070
      0.197563834  10.16835   0.00070
      0.202562100  10.16830   0.00069
      0.207560366  10.16915   0.00092
      0.212558633  10.16250   0.00092
      0.222555165  10.16830   0.00068
      0.227553431  10.17050   0.00071
      0.232551697  10.16530   0.00073
      0.237549963  10.16660   0.00126
      0.242548229  10.16585   0.00070
      0.247546495  10.16800   0.00069
      0.252544762  10.16780   0.00068
      0.257543028  10.16370   0.00157
      0.262541294  10.16280   0.00150
      0.267539560  10.16905   0.00161
      0.272537826  10.16425   0.00124
      0.277536092  10.16555   0.00089
      0.282534358  10.16410   0.00090
      0.287532624  10.16390   0.00086
      0.292530891  10.16420   0.00082
      0.297529157  10.16810   0.00068
      0.302527423  10.16805   0.00068
      0.307525689  10.16590   0.00081
      0.312523955  10.16605   0.00080
      0.317522221  10.16610   0.00088
      0.322520487  10.16710   0.00089
      0.327518753  10.16600   0.00088
      0.332517020  10.16740   0.00085
      0.337515286  10.17005   0.00079
      0.342513552  10.16660   0.00096
      0.347511818  10.16805   0.00094
      0.352510084  10.16690   0.00111
      0.357508350  10.16660   0.00114
      0.362506616  10.16910   0.00119
      0.367504882  10.16665   0.00147
      0.372503149  10.16710   0.00142
      0.377501415  10.16680   0.00122
      0.382499681  10.16400   0.00120
      0.387497947  10.16540   0.00094
      0.392496213  10.16445   0.00095
      0.397494479  10.16430   0.00089
      0.402492745  10.16760   0.00071
      0.407491011  10.16550   0.00091
      0.412489278  10.16650   0.00097
      0.417487544  10.16560   0.00094
      0.422485810  10.16570   0.00093
      0.427484076  10.16660   0.00088
      0.432482342  10.16610   0.00085
      0.437480608  10.16515   0.00102
      0.442478874  10.16500   0.00096
      0.447477140  10.16475   0.00098
      0.452475407  10.16725   0.00090
      0.457473673  10.16640   0.00089
      0.462471939  10.16700   0.00071
      0.467470205  10.16480   0.00076
      0.472468471  10.16480   0.00089
      0.477466737  10.16610   0.00077
      0.482465003  10.16520   0.00075
      0.487463269  10.16600   0.00066
      0.492461536  10.16700   0.00068
      0.497459802  10.16410   0.00073
