  54964.511954652   3.28346   0.00006
  54964.532389364   3.28335   0.00006
  54964.552823977   3.28357   0.00006
  54964.573258489   3.28369   0.00006
  54964.593693101   3.28378   0.00006
  54964.614127812   3.28380   0.00006
  54964.634562324   3.28374   0.00006
  54964.654996936   3.28380   0.00006
  54964.675431647   3.28368   0.00006
  54964.695866258   3.28380   0.00006
  54964.716300770   3.28377   0.00006
  54964.736735381   3.28355   0.00006
  54964.757170092   3.28350   0.00006
  54964.777604603   3.28341   0.00006
  54964.798039213   3.28331   0.00006
  54964.818473924   3.28380   0.00006
  54964.838908435   3.28347   0.00006
  54964.859343045   3.28348   0.00006
  54964.879777656   3.28362   0.00006
  54964.900212266   3.28382   0.00006
  54964.920646876   3.28375   0.00006
  54964.941081486   3.28365   0.00006
  54964.961516096   3.28351   0.00006
  54964.981950705   3.28373   0.00006
  54965.002385315   3.28348   0.00006
  54965.022819825   3.28358   0.00006
  54965.043254534   3.28357   0.00006
  54965.063689143   3.28364   0.00006
  54965.084123652   3.28335   0.00006
  54965.104558262   3.28362   0.00006
  54965.124992971   3.28394   0.00006
  54965.145427479   3.28375   0.00006
  54965.165862088   3.28394   0.00006
  54965.186296797   3.28387   0.00006
  54965.206731405   3.28345   0.00006
  54965.227165914   3.28332   0.00006
  54965.247600522   3.28362   0.00006
  54965.268035230   3.28376   0.00006
  54965.288469738   3.28374   0.00006
  54965.308904346   3.28367   0.00006
  54965.329339054   3.28366   0.00006
  54965.349773561   3.28380   0.00006
  54965.370208169   3.28374   0.00006
  54965.390642776   3.28341   0.00006
  54965.411077384   3.28327   0.00006
  54965.431511991   3.28334   0.00006
  54965.451946598   3.28372   0.00006
  54965.472381305   3.28343   0.00006
  54965.492815812   3.28328   0.00006
  54965.513250419   3.28338   0.00006
  54965.533684925   3.28385   0.00006
  54965.554119632   3.28383   0.00006
  54965.574554238   3.28380   0.00006
  54965.594988744   3.28359   0.00006
  54965.615423451   3.28331   0.00006
  54965.635858057   3.28373   0.00006
  54965.656292663   3.28386   0.00006
  54965.676727168   3.28397   0.00006
  54965.697161874   3.28392   0.00006
  54965.717596480   3.28367   0.00006
  54965.738030985   3.28403   0.00006
  54965.758465691   3.28401   0.00006
  54965.778900296   3.28369   0.00006
  54965.799334801   3.28344   0.00006
  54965.819769406   3.28350   0.00006
  54965.840204111   3.28347   0.00006
  54965.860638615   3.28347   0.00006
  54965.881073220   3.28357   0.00006
  54965.901507924   3.28360   0.00006
  54965.921942429   3.28378   0.00006
  54965.942377033   3.28356   0.00006
  54965.962811637   3.28379   0.00006
  54965.983246341   3.28336   0.00006
  54966.003680845   3.28372   0.00006
  54966.024115449   3.28353   0.00006
  54966.044550053   3.28377   0.00006
  54966.064984656   3.28344   0.00006
  54966.085419260   3.28369   0.00006
  54966.105853863   3.28370   0.00006
  54966.126288466   3.28388   0.00006
  54966.146723069   3.28358   0.00006
  54966.167157672   3.28359   0.00006
  54966.187592275   3.28333   0.00006
  54966.208026978   3.28361   0.00006
  54966.228461480   3.28351   0.00006
  54966.248896083   3.28378   0.00006
  54966.269330685   3.28387   0.00006
  54966.289765287   3.28369   0.00006
  54966.310199889   3.28357   0.00006
  54966.330634391   3.28367   0.00006
  54966.351069093   3.28388   0.00006
  54966.371503695   3.28328   0.00006
  54966.391938296   3.28352   0.00006
  54966.412372898   3.28323   0.00006
  54966.432807499   3.28361   0.00006
  54966.453242101   3.28357   0.00006
  54966.473676602   3.28335   0.00006
  54966.494111303   3.28364   0.00006
  54966.514545904   3.28389   0.00006
  54966.534980404   3.28368   0.00006
  54966.555415105   3.28361   0.00006
  54966.575849705   3.28333   0.00006
  54966.596284206   3.28353   0.00006
  54966.616718806   3.28368   0.00006
  54966.637153506   3.28344   0.00006
  54966.657588106   3.28357   0.00006
  54966.678022606   3.28360   0.00006
  54966.698457306   3.28372   0.00006
  54966.718891905   3.28392   0.00006
  54966.739326405   3.28369   0.00006
  54966.759761004   3.28377   0.00006
  54966.780195704   3.28391   0.00006
  54966.800630203   3.28365   0.00006
  54966.821064802   3.28336   0.00006
  54966.841499401   3.28342   0.00006
  54966.861934000   3.28346   0.00006
  54966.882368598   3.28330   0.00006
  54966.902803197   3.28351   0.00006
  54966.923237795   3.28323   0.00006
  54966.943672393   3.28366   0.00006
  54966.964106992   3.28351   0.00006
  54966.984541489   3.28390   0.00006
  54967.004976187   3.28382   0.00006
  54967.025410785   3.28370   0.00006
  54967.045845283   3.28350   0.00006
  54967.066279980   3.28357   0.00006
  54967.086714578   3.28375   0.00006
  54967.107149075   3.28368   0.00006
  54967.127583672   3.28367   0.00006
  54967.148018369   3.28394   0.00006
  54967.168452966   3.28360   0.00006
  54967.188887463   3.28384   0.00006
  54967.209322160   3.28394   0.00006
  54967.229756756   3.28354   0.00006
  54967.250191252   3.28351   0.00006
  54967.270625849   3.28370   0.00006
  54967.291060545   3.28359   0.00006
  54967.311495041   3.28372   0.00006
  54967.331929637   3.28377   0.00006
  54967.352364332   3.28373   0.00006
  54967.372798828   3.28362   0.00006
  54967.413668019   3.28380   0.00006
  54967.434102614   3.28397   0.00006
  54967.454537209   3.28388   0.00006
  54967.474971804   3.28414   0.00006
  54967.495406499   3.28386   0.00006
  54967.515840994   3.28390   0.00006
  54967.536275589   3.28393   0.00006
  54967.556710083   3.28367   0.00006
  54967.577144777   3.28367   0.00006
  54967.597579372   3.28347   0.00006
  54967.618013866   3.28351   0.00006
  54967.638448460   3.28346   0.00006
  54967.658883154   3.28341   0.00006
  54967.679317747   3.28361   0.00006
  54967.699752341   3.28364   0.00006
  54967.720186934   3.28369   0.00006
  54967.740621528   3.28369   0.00006
  54967.761056021   3.28329   0.00006
  54967.781490614   3.28323   0.00006
  54967.801925307   3.28356   0.00006
  54967.822359900   3.28369   0.00006
  54967.842794392   3.28390   0.00006
  54967.863229085   3.28373   0.00006
  54967.883663677   3.28373   0.00006
  54967.904098270   3.28360   0.00006
  54967.924532762   3.28365   0.00006
  54967.944967454   3.28334   0.00006
  54967.965402046   3.28359   0.00006
  54967.985836537   3.28383   0.00006
  54968.006271229   3.28366   0.00006
  54968.026705820   3.28335   0.00006
  54968.047140312   3.28371   0.00006
  54968.067574903   3.28359   0.00006
  54968.088009594   3.28364   0.00006
  54968.108444085   3.28335   0.00006
  54968.128878676   3.28318   0.00006
  54968.149313367   3.28354   0.00006
  54968.169747957   3.28352   0.00006
  54968.190182448   3.28379   0.00006
  54968.210617038   3.28393   0.00006
  54968.231051728   3.28388   0.00006
  54968.251486218   3.28404   0.00006
  54968.271920808   3.28391   0.00006
  54968.292355298   3.28378   0.00006
  54968.312789988   3.28375   0.00006
  54968.333224577   3.28328   0.00006
  54968.353659067   3.28350   0.00006
  54968.374093756   3.28305   0.00006
  54968.394528345   3.28303   0.00006
  54968.414962934   3.28365   0.00006
  54968.435397423   3.28378   0.00006
  54968.455832112   3.28382   0.00006
  54968.476266700   3.28359   0.00006
  54968.496701189   3.28228   0.00006
  54968.517135877   3.28370   0.00006
  54968.537570465   3.28359   0.00006
  54968.558004954   3.28388   0.00006
  54968.578439541   3.28361   0.00006
  54968.598874229   3.28373   0.00006
  54968.619308717   3.28351   0.00006
  54968.639743304   3.28365   0.00006
  54968.660177992   3.28312   0.00006
  54968.680612579   3.28347   0.00006
  54968.701047066   3.28370   0.00006
  54968.721481653   3.28354   0.00006
  54968.741916340   3.28336   0.00006
  54968.762350827   3.28346   0.00006
  54968.782785414   3.28374   0.00006
  54968.803220100   3.28360   0.00006
  54968.823654586   3.28354   0.00006
  54968.844089172   3.28347   0.00006
  54968.864523759   3.28382   0.00006
  54968.884958344   3.28351   0.00006
  54968.905392930   3.28386   0.00006
  54968.925827516   3.28360   0.00006
  54968.946262001   3.28369   0.00006
  54968.966696687   3.28357   0.00006
  54968.987131272   3.28361   0.00006
  54969.007565757   3.28332   0.00006
  54969.028000442   3.28383   0.00006
  54969.048435027   3.28373   0.00006
  54969.068869512   3.28409   0.00006
  54969.089304096   3.28370   0.00006
  54969.109738781   3.28388   0.00006
  54969.130173365   3.28345   0.00006
  54969.150607849   3.28361   0.00006
  54969.171042533   3.28378   0.00006
  54969.191477117   3.28368   0.00006
  54969.211911601   3.28336   0.00006
  54969.232346184   3.28343   0.00006
  54969.252780868   3.28353   0.00006
  54969.273215351   3.28354   0.00006
  54969.293649935   3.28372   0.00006
  54969.314084618   3.28379   0.00006
  54969.334519100   3.28407   0.00006
  54969.354953683   3.28398   0.00006
  54969.375388266   3.28383   0.00006
  54969.395822848   3.28384   0.00006
  54969.416257431   3.28356   0.00006
  54969.436692013   3.28368   0.00006
  54969.457126695   3.28353   0.00006
  54969.477561177   3.28354   0.00006
  54969.497995759   3.28380   0.00006
  54969.518430341   3.28385   0.00006
  54969.538864922   3.28359   0.00006
  54969.559299504   3.28365   0.00006
  54969.579734085   3.28366   0.00006
  54969.600168666   3.28347   0.00006
  54969.620603247   3.28364   0.00006
  54969.641037828   3.28369   0.00006
  54969.661472409   3.28363   0.00006
  54969.681906989   3.28368   0.00006
  54969.702341570   3.28367   0.00006
  54969.722776150   3.28380   0.00006
  54969.743210630   3.28360   0.00006
  54969.763645310   3.28380   0.00006
  54969.784079890   3.28354   0.00006
  54969.804514370   3.28334   0.00006
  54969.824949049   3.28354   0.00006
  54969.845383629   3.28352   0.00006
  54969.865818208   3.28337   0.00006
  54969.886252687   3.28351   0.00006
  54969.906687366   3.28364   0.00006
  54969.927121945   3.28341   0.00006
  54969.947556424   3.28354   0.00006
  54969.967991103   3.28356   0.00006
  54969.988425681   3.28377   0.00006
  54970.008860160   3.28373   0.00006
  54970.029294738   3.28358   0.00006
  54970.049729416   3.28398   0.00006
  54970.070163894   3.28378   0.00006
  54970.090598471   3.28371   0.00006
  54970.111033149   3.28361   0.00006
  54970.131467627   3.28346   0.00006
  54970.151902204   3.28341   0.00006
  54970.172336781   3.28338   0.00006
  54970.192771458   3.28329   0.00006
  54970.213205935   3.28336   0.00006
  54970.233640512   3.28351   0.00006
  54970.254074989   3.28371   0.00006
  54970.274509665   3.28368   0.00006
  54970.294944241   3.28363   0.00006
  54970.315378718   3.28345   0.00006
  54970.335813394   3.28330   0.00006
  54970.356247970   3.28359   0.00006
  54970.397117021   3.28406   0.00006
  54970.417551697   3.28408   0.00006
  54970.437986272   3.28382   0.00006
  54970.458420747   3.28380   0.00006
  54970.478855422   3.28353   0.00006
  54970.499289997   3.28352   0.00006
  54970.519724472   3.28385   0.00006
  54970.540159047   3.28372   0.00006
  54970.560593721   3.28355   0.00006
  54970.581028195   3.28407   0.00006
  54970.601462770   3.28360   0.00006
  54970.621897444   3.28360   0.00006
  54970.642332018   3.28356   0.00006
  54970.662766491   3.28356   0.00006
  54970.683201065   3.28351   0.00006
  54970.703635738   3.28339   0.00006
  54970.724070212   3.28345   0.00006
  54970.744504785   3.28354   0.00006
  54970.764939458   3.28368   0.00006
  54970.785373931   3.28414   0.00006
  54970.805808504   3.28344   0.00006
  54970.826242976   3.28366   0.00006
  54970.846677649   3.28361   0.00006
  54970.867112221   3.28381   0.00006
  54970.887546793   3.28357   0.00006
  54970.907981265   3.28383   0.00006
  54970.928415937   3.28360   0.00006
  54970.948850509   3.28365   0.00006
  54970.969284981   3.28355   0.00006
  54970.989719652   3.28348   0.00006
  54971.010154223   3.28353   0.00006
  54971.030588695   3.28343   0.00006
  54971.051023266   3.28372   0.00006
  54971.071457936   3.28359   0.00006
  54971.091892507   3.28384   0.00006
  54971.112326978   3.28394   0.00006
  54971.132761648   3.28367   0.00006
  54971.153196218   3.28391   0.00006
  54971.173630689   3.28356   0.00006
  54971.194065259   3.28362   0.00006
  54971.214499928   3.28327   0.00006
  54971.234934498   3.28292   0.00006
  54971.255368968   3.28338   0.00006
  54971.275803637   3.28329   0.00006
  54971.296238206   3.28360   0.00006
  54971.316672675   3.28358   0.00006
  54971.337107244   3.28385   0.00006
  54971.357541913   3.28350   0.00006
  54971.377976482   3.28343   0.00006
  54971.398410950   3.28371   0.00006
  54971.418845619   3.28380   0.00006
  54971.439280187   3.28391   0.00006
  54971.459714655   3.28409   0.00006
  54971.480149223   3.28397   0.00006
  54971.500583891   3.28382   0.00006
  54971.521018358   3.28378   0.00006
  54971.541452926   3.28392   0.00006
  54971.561887493   3.28364   0.00006
  54971.582322060   3.28360   0.00006
  54971.602756627   3.28336   0.00006
  54971.623191194   3.28346   0.00006
  54971.643625761   3.28349   0.00006
  54971.664060328   3.28352   0.00006
  54971.684494894   3.28354   0.00006
  54971.704929360   3.28365   0.00006
  54971.725364026   3.28378   0.00006
  54971.745798592   3.28367   0.00006
  54971.766233058   3.28349   0.00006
  54971.786667724   3.28358   0.00006
  54971.807102289   3.28366   0.00006
  54971.827536755   3.28353   0.00006
  54971.847971320   3.28381   0.00006
  54971.868405985   3.28394   0.00006
  54971.888840550   3.28415   0.00006
  54971.909275015   3.28395   0.00006
  54971.929709680   3.28378   0.00006
  54971.950144244   3.28313   0.00006
  54971.970578708   3.28328   0.00006
  54971.991013273   3.28324   0.00006
  54972.011447937   3.28331   0.00006
  54972.031882400   3.28342   0.00006
  54972.052316964   3.28323   0.00006
  54972.072751628   3.28347   0.00006
  54972.093186091   3.28361   0.00006
  54972.113620654   3.28361   0.00006
  54972.134055218   3.28374   0.00006
  54972.154489781   3.28367   0.00006
  54972.174924343   3.28394   0.00006
  54972.195358906   3.28417   0.00006
  54972.215793369   3.28399   0.00006
  54972.236228031   3.28394   0.00006
  54972.256662593   3.28389   0.00006
  54972.277097055   3.28340   0.00006
  54972.297531717   3.28371   0.00006
  54972.317966279   3.28345   0.00006
  54972.338400840   3.28360   0.00006
  54972.358835302   3.28350   0.00006
  54972.379269963   3.28345   0.00006
  54972.399704524   3.28370   0.00006
  54972.420138985   3.28377   0.00006
  54972.440573646   3.28349   0.00006
  54972.461008207   3.28361   0.00006
  54972.481442667   3.28360   0.00006
  54972.501877228   3.28379   0.00006
  54972.522311888   3.28345   0.00006
  54972.542746348   3.28350   0.00006
  54972.563180908   3.28373   0.00006
  54972.583615568   3.28361   0.00006
  54972.604050027   3.28370   0.00006
  54972.624484587   3.28369   0.00006
  54972.644919146   3.28367   0.00006
  54972.665353805   3.28371   0.00006
  54972.685788264   3.28361   0.00006
  54972.706222823   3.28351   0.00006
  54972.726657382   3.28357   0.00006
  54972.747091940   3.28338   0.00006
  54972.767526498   3.28343   0.00006
  54972.787961057   3.28359   0.00006
  54972.808395615   3.28358   0.00006
  54972.828830173   3.28332   0.00006
  54972.849264730   3.28359   0.00006
  54972.869699288   3.28380   0.00006
  54972.890133845   3.28384   0.00006
  54972.910568403   3.28346   0.00006
  54972.931002960   3.28375   0.00006
  54972.951437617   3.28367   0.00006
  54972.971872074   3.28353   0.00006
  54972.992306630   3.28366   0.00006
  54973.012741087   3.28360   0.00006
  54973.033175743   3.28356   0.00006
  54973.053610299   3.28339   0.00006
  54973.074044855   3.28351   0.00006
  54973.094479411   3.28345   0.00006
  54973.114913967   3.28323   0.00006
  54973.135348522   3.28333   0.00006
  54973.155782978   3.28352   0.00006
  54973.176217633   3.28389   0.00006
  54973.196652188   3.28389   0.00006
  54973.217086643   3.28393   0.00006
  54973.237521298   3.28383   0.00006
  54973.257955853   3.28386   0.00006
  54973.278390307   3.28404   0.00006
  54973.298824861   3.28396   0.00006
  54973.319259515   3.28392   0.00006
  54973.339693969   3.28380   0.00006
  54973.380563077   3.28347   0.00006
  54973.400997730   3.28363   0.00006
  54973.421432184   3.28341   0.00006
  54973.441866737   3.28325   0.00006
  54973.462301390   3.28337   0.00006
  54973.482735843   3.28337   0.00006
  54973.503170396   3.28363   0.00006
  54973.523604848   3.28344   0.00006
  54973.544039501   3.28375   0.00006
  54973.564474053   3.28396   0.00006
  54973.584908605   3.28395   0.00006
  54973.605343157   3.28381   0.00006
  54973.625777709   3.28385   0.00006
  54973.646212260   3.28401   0.00006
  54973.666646712   3.28369   0.00006
  54973.687081363   3.28364   0.00006
  54973.707515914   3.28345   0.00006
  54973.727950365   3.28360   0.00006
  54973.748385016   3.28363   0.00006
  54973.768819567   3.28341   0.00006
  54973.789254017   3.28366   0.00006
  54973.809688567   3.28329   0.00006
  54973.830123217   3.28374   0.00006
  54973.850557768   3.28335   0.00006
  54973.870992217   3.28336   0.00006
  54973.891426767   3.28329   0.00006
  54973.911861417   3.28361   0.00006
  54973.932295866   3.28357   0.00006
  54973.952730415   3.28354   0.00006
  54973.973165064   3.28334   0.00006
  54973.993599513   3.28388   0.00006
  54974.014034062   3.28385   0.00006
  54974.034468610   3.28400   0.00006
  54974.054903159   3.28422   0.00006
  54974.075337707   3.28373   0.00006
  54974.095772255   3.28384   0.00006
  54974.116206803   3.28381   0.00006
  54974.136641351   3.28376   0.00006
  54974.157075898   3.28353   0.00006
  54974.177510346   3.28341   0.00006
  54974.197944993   3.28366   0.00006
  54974.218379540   3.28364   0.00006
  54974.238813987   3.28380   0.00006
  54974.259248634   3.28376   0.00006
  54974.279683180   3.28351   0.00006
  54974.300117627   3.28378   0.00006
  54974.320552173   3.28374   0.00006
  54974.340986819   3.28345   0.00006
  54974.361421365   3.28383   0.00006
  54974.381855811   3.28359   0.00006
  54974.402290357   3.28373   0.00006
  54974.422725002   3.28362   0.00006
  54974.443159548   3.28350   0.00006
  54974.463593993   3.28345   0.00006
  54974.484028638   3.28338   0.00006
  54974.504463183   3.28343   0.00006
  54974.524897627   3.28337   0.00006
  54974.545332172   3.28328   0.00006
  54974.565766716   3.28321   0.00006
  54974.586201360   3.28337   0.00006
  54974.606635804   3.28393   0.00006
  54974.627070448   3.28389   0.00006
  54974.647504992   3.28366   0.00006
  54974.667939435   3.28328   0.00006
  54974.688373979   3.28403   0.00006
  54974.708808622   3.28343   0.00006
  54974.729243065   3.28376   0.00006
  54974.749677608   3.28381   0.00006
  54974.770112250   3.28400   0.00006
  54974.790546693   3.28415   0.00006
  54974.810981235   3.28397   0.00006
  54974.831415777   3.28377   0.00006
  54974.851850319   3.28391   0.00006
  54974.872284861   3.28337   0.00006
  54974.892719403   3.28360   0.00006
  54974.913154045   3.28333   0.00006
  54974.933588486   3.28359   0.00006
  54974.954023027   3.28365   0.00006
  54974.974457468   3.28370   0.00006
  54974.994892109   3.28341   0.00006
  54975.015326650   3.28348   0.00006
  54975.035761090   3.28365   0.00006
  54975.056195631   3.28387   0.00006
  54975.076630271   3.28374   0.00006
  54975.097064811   3.28370   0.00006
  54975.117499251   3.28377   0.00006
  54975.137933890   3.28346   0.00006
  54975.158368430   3.28344   0.00006
  54975.178802869   3.28385   0.00006
  54975.199237409   3.28360   0.00006
  54975.219672048   3.28350   0.00006
  54975.240106486   3.28343   0.00006
  54975.260541025   3.28337   0.00006
  54975.280975664   3.28332   0.00006
  54975.301410102   3.28351   0.00006
  54975.321844640   3.28362   0.00006
  54975.342279178   3.28330   0.00006
  54975.362713816   3.28364   0.00006
  54975.383148254   3.28371   0.00006
  54975.403582791   3.28371   0.00006
  54975.424017429   3.28370   0.00006
  54975.444451866   3.28391   0.00006
  54975.464886403   3.28388   0.00006
  54975.485320840   3.28353   0.00006
  54975.505755476   3.28367   0.00006
  54975.526190013   3.28380   0.00006
  54975.546624549   3.28379   0.00006
  54975.567058985   3.28345   0.00006
  54975.587493621   3.28339   0.00006
  54975.607928157   3.28321   0.00006
  54975.628362593   3.28341   0.00006
  54975.648797229   3.28374   0.00006
  54975.669231764   3.28342   0.00006
  54975.689666199   3.28374   0.00006
  54975.710100734   3.28363   0.00006
  54975.730535369   3.28364   0.00006
  54975.750969803   3.28356   0.00006
  54975.771404338   3.28354   0.00006
  54975.791838972   3.28369   0.00006
  54975.812273406   3.28396   0.00006
  54975.832707940   3.28368   0.00006
  54975.853142474   3.28368   0.00006
  54975.873577108   3.28356   0.00006
  54975.894011541   3.28362   0.00006
  54975.914446075   3.28371   0.00006
  54975.934880708   3.28387   0.00006
  54975.955315141   3.28345   0.00006
  54975.975749674   3.28364   0.00006
  54975.996184106   3.28362   0.00006
  54976.016618738   3.28376   0.00006
  54976.037053271   3.28391   0.00006
  54976.057487803   3.28365   0.00006
  54976.077922335   3.28359   0.00006
  54976.098356867   3.28324   0.00006
  54976.118791398   3.28355   0.00006
  54976.139225930   3.28351   0.00006
  54976.159660461   3.28348   0.00006
  54976.180094992   3.28341   0.00006
  54976.200529423   3.28362   0.00006
  54976.220963953   3.28374   0.00006
  54976.241398584   3.28408   0.00006
  54976.261833114   3.28369   0.00006
  54976.282267645   3.28403   0.00006
  54976.302702175   3.28382   0.00006
  54976.323136704   3.28364   0.00006
  54976.364005664   3.28347   0.00006
  54976.384440293   3.28338   0.00006
  54976.404874822   3.28355   0.00006
  54976.425309251   3.28352   0.00006
  54976.445743880   3.28362   0.00006
  54976.466178409   3.28339   0.00006
  54976.486612837   3.28358   0.00006
  54976.507047366   3.28382   0.00006
  54976.527481994   3.28374   0.00006
  54976.547916522   3.28395   0.00006
  54976.568350949   3.28401   0.00006
  54976.588785577   3.28384   0.00006
  54976.609220104   3.28383   0.00006
  54976.629654532   3.28386   0.00006
  54976.650089059   3.28369   0.00006
  54976.670523686   3.28334   0.00006
  54976.690958112   3.28305   0.00006
  54976.711392639   3.28322   0.00006
  54976.731827165   3.28332   0.00006
  54976.752261692   3.28325   0.00006
  54976.772696218   3.28360   0.00006
  54976.793130744   3.28365   0.00006
  54976.813565269   3.28352   0.00006
  54976.833999795   3.28385   0.00006
  54976.854434320   3.28385   0.00006
  54976.874868745   3.28382   0.00006
  54976.895303370   3.28403   0.00006
  54976.915737895   3.28354   0.00006
  54976.936172320   3.28357   0.00006
  54976.956606944   3.28355   0.00006
  54976.977041468   3.28370   0.00006
  54976.997475892   3.28376   0.00006
  54977.017910416   3.28335   0.00006
  54977.038345040   3.28374   0.00006
  54977.058779564   3.28346   0.00006
  54977.079213987   3.28360   0.00006
  54977.099648610   3.28333   0.00006
  54977.120083134   3.28323   0.00006
  54977.140517556   3.28331   0.00006
  54977.160952079   3.28349   0.00006
  54977.181386702   3.28349   0.00006
  54977.201821124   3.28400   0.00006
  54977.222255646   3.28374   0.00006
  54977.242690268   3.28394   0.00006
  54977.263124690   3.28382   0.00006
  54977.283559212   3.28374   0.00006
  54977.303993733   3.28376   0.00006
  54977.324428254   3.28391   0.00006
  54977.344862775   3.28389   0.00006
  54977.365297296   3.28351   0.00006
  54977.385731717   3.28332   0.00006
  54977.406166338   3.28354   0.00006
  54977.426600858   3.28373   0.00006
  54977.447035278   3.28325   0.00006
  54977.467469898   3.28344   0.00006
  54977.487904418   3.28332   0.00006
  54977.508338838   3.28371   0.00006
  54977.528773357   3.28406   0.00006
  54977.549207977   3.28388   0.00006
  54977.569642496   3.28370   0.00006
  54977.590076915   3.28389   0.00006
  54977.610511534   3.28383   0.00006
  54977.630946052   3.28363   0.00006
  54977.651380471   3.28381   0.00006
  54977.671814989   3.28354   0.00006
  54977.692249607   3.28387   0.00006
  54977.712684025   3.28345   0.00006
  54977.733118543   3.28380   0.00006
  54977.753553160   3.28386   0.00006
  54977.773987578   3.28347   0.00006
  54977.794422095   3.28355   0.00006
  54977.814856612   3.28315   0.00006
  54977.835291229   3.28359   0.00006
  54977.855725645   3.28371   0.00006
  54977.876160162   3.28323   0.00006
  54977.896594678   3.28366   0.00006
  54977.917029194   3.28340   0.00006
  54977.937463710   3.28367   0.00006
  54977.957898226   3.28352   0.00006
  54977.978332841   3.28374   0.00006
  54977.998767257   3.28387   0.00006
  54978.019201772   3.28387   0.00006
  54978.039636287   3.28396   0.00006
  54978.060070802   3.28364   0.00006
  54978.080505316   3.28361   0.00006
  54978.100939831   3.28361   0.00006
  54978.121374445   3.28380   0.00006
  54978.141808859   3.28344   0.00006
  54978.162243373   3.28354   0.00006
  54978.182677787   3.28334   0.00006
  54978.203112400   3.28347   0.00006
  54978.223546914   3.28371   0.00006
  54978.243981327   3.28348   0.00006
  54978.264415940   3.28359   0.00006
  54978.284850453   3.28350   0.00006
  54978.305284966   3.28344   0.00006
  54978.325719378   3.28382   0.00006
  54978.346153990   3.28348   0.00006
  54978.366588503   3.28368   0.00006
  54978.387022914   3.28387   0.00006
  54978.407457526   3.28393   0.00006
  54978.427892038   3.28374   0.00006
  54978.448326449   3.28360   0.00006
  54978.468760960   3.28351   0.00006
  54978.489195571   3.28382   0.00006
  54978.509629982   3.28355   0.00006
  54978.530064493   3.28352   0.00006
  54978.550499003   3.28364   0.00006
  54978.570933614   3.28337   0.00006
  54978.591368024   3.28350   0.00006
  54978.611802534   3.28355   0.00006
  54978.632237143   3.28360   0.00006
  54978.652671553   3.28360   0.00006
  54978.673106062   3.28368   0.00006
  54978.693540471   3.28377   0.00006
  54978.713975080   3.28391   0.00006
  54978.734409589   3.28402   0.00006
  54978.754844098   3.28423   0.00006
  54978.775278606   3.28403   0.00006
  54978.795713115   3.28367   0.00006
  54978.816147623   3.28376   0.00006
  54978.836582030   3.28368   0.00006
  54978.857016638   3.28385   0.00006
  54978.877451146   3.28378   0.00006
  54978.897885553   3.28361   0.00006
  54978.918320160   3.28347   0.00006
  54978.938754667   3.28343   0.00006
  54978.959189074   3.28349   0.00006
  54978.979623580   3.28351   0.00006
  54979.000058187   3.28357   0.00006
  54979.020492693   3.28335   0.00006
  54979.040927099   3.28366   0.00006
  54979.061361705   3.28362   0.00006
  54979.081796211   3.28396   0.00006
  54979.102230616   3.28371   0.00006
  54979.122665122   3.28363   0.00006
  54979.143099727   3.28347   0.00006
  54979.163534132   3.28339   0.00006
  54979.183968636   3.28343   0.00006
  54979.204403141   3.28319   0.00006
  54979.224837645   3.28346   0.00006
  54979.245272149   3.28378   0.00006
  54979.265706653   3.28344   0.00006
  54979.286141157   3.28382   0.00006
  54979.306575661   3.28340   0.00006
  54979.347444567   3.28325   0.00006
  54979.367879170   3.28365   0.00006
  54979.388313673   3.28336   0.00006
  54979.408748076   3.28366   0.00006
  54979.429182679   3.28374   0.00006
  54979.449617181   3.28406   0.00006
  54979.470051583   3.28415   0.00006
  54979.490486185   3.28356   0.00006
  54979.510920687   3.28375   0.00006
  54979.531355188   3.28371   0.00006
  54979.551789590   3.28383   0.00006
  54979.572224191   3.28352   0.00006
  54979.592658692   3.28361   0.00006
  54979.613093192   3.28358   0.00006
  54979.633527593   3.28352   0.00006
  54979.653962194   3.28360   0.00006
  54979.674396694   3.28372   0.00006
  54979.694831094   3.28357   0.00006
  54979.715265694   3.28333   0.00006
  54979.735700193   3.28351   0.00006
  54979.756134693   3.28343   0.00006
  54979.776569092   3.28405   0.00006
  54979.797003691   3.28398   0.00006
  54979.817438190   3.28378   0.00006
  54979.837872589   3.28375   0.00006
  54979.858307087   3.28376   0.00006
  54979.878741686   3.28346   0.00006
  54979.899176084   3.28367   0.00006
  54979.919610582   3.28334   0.00006
  54979.940045180   3.28338   0.00006
  54979.960479577   3.28327   0.00006
  54979.980914075   3.28371   0.00006
  54980.001348572   3.28313   0.00006
  54980.021783069   3.28357   0.00006
  54980.042217566   3.28349   0.00006
  54980.062652062   3.28373   0.00006
  54980.083086659   3.28358   0.00006
  54980.103521055   3.28375   0.00006
  54980.123955551   3.28366   0.00006
  54980.144389947   3.28394   0.00006
  54980.164824543   3.28385   0.00006
  54980.185259038   3.28393   0.00006
  54980.205693433   3.28372   0.00006
  54980.226128029   3.28399   0.00006
  54980.246562524   3.28364   0.00006
  54980.266997018   3.28357   0.00006
  54980.287431413   3.28332   0.00006
  54980.307866007   3.28326   0.00006
  54980.328300501   3.28372   0.00006
  54980.348734895   3.28312   0.00006
  54980.369169389   3.28354   0.00006
  54980.389603983   3.28332   0.00006
  54980.410038376   3.28365   0.00006
  54980.430472869   3.28386   0.00006
  54980.450907462   3.28365   0.00006
  54980.471341855   3.28381   0.00006
  54980.491776348   3.28360   0.00006
  54980.512210840   3.28378   0.00006
  54980.532645432   3.28384   0.00006
  54980.553079824   3.28379   0.00006
  54980.573514316   3.28383   0.00006
  54980.593948908   3.28378   0.00006
  54980.614383299   3.28340   0.00006
  54980.634817790   3.28362   0.00006
  54980.655252182   3.28381   0.00006
  54980.675686772   3.28358   0.00006
  54980.696121263   3.28351   0.00006
  54980.716555654   3.28382   0.00006
  54980.736990244   3.28372   0.00006
  54980.757424734   3.28373   0.00006
  54980.777859224   3.28354   0.00006
  54980.798293614   3.28367   0.00006
  54980.818728203   3.28334   0.00006
  54980.839162693   3.28359   0.00006
  54980.859597082   3.28353   0.00006
  54980.880031571   3.28351   0.00006
  54980.900466159   3.28366   0.00006
  54980.920900548   3.28406   0.00006
  54980.941335036   3.28400   0.00006
  54980.961769624   3.28374   0.00006
  54980.982204012   3.28383   0.00006
  54981.002638500   3.28373   0.00006
  54981.023072988   3.28391   0.00006
  54981.043507575   3.28385   0.00006
  54981.063941962   3.28344   0.00006
  54981.084376449   3.28340   0.00006
  54981.104811036   3.28343   0.00006
  54981.125245423   3.28352   0.00006
  54981.145679909   3.28336   0.00006
  54981.166114395   3.28318   0.00006
  54981.186548881   3.28387   0.00006
  54981.206983367   3.28340   0.00006
  54981.227417853   3.28401   0.00006
  54981.247852438   3.28371   0.00006
  54981.268286823   3.28388   0.00006
  54981.288721308   3.28368   0.00006
  54981.309155793   3.28366   0.00006
  54981.329590278   3.28352   0.00006
  54981.350024762   3.28362   0.00006
  54981.370459247   3.28339   0.00006
  54981.390893631   3.28356   0.00006
  54981.411328215   3.28347   0.00006
  54981.431762698   3.28325   0.00006
  54981.452197182   3.28305   0.00006
  54981.472631665   3.28345   0.00006
  54981.493066148   3.28350   0.00006
  54981.513500631   3.28374   0.00006
  54981.533935014   3.28354   0.00006
  54981.554369596   3.28365   0.00006
  54981.574804078   3.28361   0.00006
  54981.595238461   3.28363   0.00006
  54981.615673042   3.28390   0.00006
  54981.636107524   3.28384   0.00006
  54981.656541906   3.28417   0.00006
  54981.676976387   3.28391   0.00006
  54981.697410968   3.28382   0.00006
  54981.717845349   3.28357   0.00006
  54981.738279829   3.28372   0.00006
  54981.758714410   3.28328   0.00006
  54981.779148890   3.28344   0.00006
  54981.799583270   3.28320   0.00006
  54981.820017750   3.28361   0.00006
  54981.840452330   3.28314   0.00006
  54981.860886710   3.28345   0.00006
  54981.881321189   3.28337   0.00006
  54981.901755768   3.28346   0.00006
  54981.922190147   3.28369   0.00006
  54981.942624626   3.28359   0.00006
  54981.963059104   3.28358   0.00006
  54981.983493582   3.28401   0.00006
  54982.003928061   3.28376   0.00006
  54982.024362539   3.28362   0.00006
  54982.044796916   3.28376   0.00006
  54982.065231494   3.28362   0.00006
  54982.085665971   3.28388   0.00006
  54982.106100348   3.28379   0.00006
  54982.126534925   3.28346   0.00006
  54982.146969402   3.28346   0.00006
  54982.167403778   3.28321   0.00006
  54982.187838255   3.28354   0.00006
  54982.208272831   3.28357   0.00006
  54982.228707307   3.28365   0.00006
  54982.249141682   3.28360   0.00006
  54982.269576258   3.28400   0.00006
  54982.290010733   3.28379   0.00006
  54982.330879583   3.28394   0.00006
  54982.351314158   3.28413   0.00006
  54982.371748532   3.28415   0.00006
  54982.392183007   3.28400   0.00006
  54982.412617581   3.28374   0.00006
  54982.433051955   3.28388   0.00006
  54982.453486429   3.28372   0.00006
  54982.473920902   3.28358   0.00006
  54982.494355375   3.28331   0.00006
  54982.514789848   3.28359   0.00006
  54982.535224321   3.28352   0.00006
  54982.555658894   3.28350   0.00006
  54982.576093267   3.28358   0.00006
  54982.596527739   3.28376   0.00006
  54982.616962111   3.28364   0.00006
  54982.637396683   3.28340   0.00006
  54982.657831154   3.28363   0.00006
  54982.678265526   3.28354   0.00006
  54982.698699997   3.28372   0.00006
  54982.719134568   3.28372   0.00006
  54982.739569039   3.28376   0.00006
  54982.760003410   3.28370   0.00006
  54982.780437980   3.28380   0.00006
  54982.800872451   3.28373   0.00006
  54982.821306821   3.28346   0.00006
  54982.841741290   3.28348   0.00006
  54982.862175860   3.28328   0.00006
  54982.882610330   3.28343   0.00006
  54982.903044699   3.28333   0.00006
  54982.923479268   3.28338   0.00006
  54982.943913737   3.28361   0.00006
  54982.964348205   3.28365   0.00006
  54982.984782574   3.28367   0.00006
  54983.005217142   3.28362   0.00006
  54983.025651610   3.28362   0.00006
  54983.046085978   3.28357   0.00006
  54983.066520546   3.28368   0.00006
  54983.086955013   3.28371   0.00006
  54983.107389380   3.28382   0.00006
  54983.127823847   3.28411   0.00006
  54983.148258414   3.28350   0.00006
  54983.168692781   3.28392   0.00006
  54983.189127247   3.28348   0.00006
  54983.209561813   3.28370   0.00006
  54983.229996179   3.28362   0.00006
  54983.250430645   3.28401   0.00006
  54983.270865111   3.28375   0.00006
  54983.291299676   3.28349   0.00006
  54983.311734041   3.28303   0.00006
  54983.332168506   3.28328   0.00006
  54983.352602871   3.28342   0.00006
  54983.373037435   3.28364   0.00006
  54983.393471900   3.28368   0.00006
  54983.413906264   3.28360   0.00006
  54983.434340828   3.28414   0.00006
  54983.454775291   3.28372   0.00006
  54983.475209755   3.28380   0.00006
  54983.495644118   3.28385   0.00006
  54983.516078681   3.28348   0.00006
  54983.536513144   3.28365   0.00006
  54983.556947507   3.28355   0.00006
  54983.577382069   3.28331   0.00006
  54983.597816532   3.28320   0.00006
  54983.618250894   3.28329   0.00006
  54983.638685356   3.28333   0.00006
  54983.659119917   3.28342   0.00006
  54983.679554279   3.28341   0.00006
  54983.699988740   3.28347   0.00006
  54983.720423301   3.28360   0.00006
  54983.740857762   3.28345   0.00006
  54983.761292122   3.28363   0.00006
  54983.781726583   3.28371   0.00006
  54983.802161143   3.28376   0.00006
  54983.822595503   3.28391   0.00006
  54983.843029963   3.28398   0.00006
  54983.863464522   3.28406   0.00006
  54983.883898882   3.28386   0.00006
  54983.904333341   3.28378   0.00006
  54983.924767800   3.28347   0.00006
  54983.945202259   3.28346   0.00006
  54983.965636717   3.28360   0.00006
  54983.986071176   3.28340   0.00006
  54984.006505534   3.28332   0.00006
  54984.026940092   3.28361   0.00006
  54984.047374549   3.28346   0.00006
  54984.067808907   3.28377   0.00006
  54984.088243464   3.28379   0.00006
  54984.108677921   3.28370   0.00006
  54984.129112278   3.28368   0.00006
  54984.149546735   3.28401   0.00006
  54984.169981291   3.28402   0.00006
  54984.190415647   3.28391   0.00006
  54984.210850103   3.28392   0.00006
  54984.231284659   3.28374   0.00006
  54984.251719115   3.28373   0.00006
  54984.272153470   3.28348   0.00006
  54984.292587926   3.28339   0.00006
  54984.313022481   3.28318   0.00006
  54984.333456835   3.28339   0.00006
  54984.353891290   3.28343   0.00006
  54984.374325844   3.28354   0.00006
  54984.394760198   3.28325   0.00006
  54984.415194652   3.28369   0.00006
  54984.435629106   3.28374   0.00006
  54984.456063560   3.28379   0.00006
  54984.476498013   3.28382   0.00006
  54984.496932466   3.28384   0.00006
  54984.517366919   3.28363   0.00006
  54984.537801372   3.28415   0.00006
  54984.558235824   3.28391   0.00006
  54984.578670276   3.28372   0.00006
  54984.599104828   3.28385   0.00006
  54984.619539180   3.28364   0.00006
  54984.639973632   3.28359   0.00006
  54984.680842534   3.28320   0.00006
  54984.701276985   3.28329   0.00006
  54984.721711436   3.28357   0.00006
  54984.742145887   3.28347   0.00006
  54984.762580337   3.28382   0.00006
  54984.783014787   3.28366   0.00006
  54984.803449137   3.28374   0.00006
  54984.823883687   3.28393   0.00006
  54984.844318136   3.28383   0.00006
  54984.864752486   3.28368   0.00006
  54984.885187035   3.28381   0.00006
  54984.905621484   3.28402   0.00006
  54984.926055832   3.28386   0.00006
  54984.946490281   3.28385   0.00006
  54984.966924829   3.28349   0.00006
  54984.987359277   3.28325   0.00006
  54985.007793625   3.28339   0.00006
  54985.028228172   3.28341   0.00006
  54985.048662620   3.28330   0.00006
  54985.069096967   3.28353   0.00006
  54985.089531414   3.28358   0.00006
  54985.109965961   3.28370   0.00006
  54985.130400307   3.28356   0.00006
  54985.150834753   3.28344   0.00006
  54985.171269199   3.28319   0.00006
  54985.191703645   3.28360   0.00006
  54985.212138091   3.28336   0.00006
  54985.232572537   3.28371   0.00006
  54985.253007082   3.28389   0.00006
  54985.273441427   3.28390   0.00006
  54985.314310216   3.28359   0.00006
  54985.334744761   3.28365   0.00006
  54985.355179205   3.28357   0.00006
  54985.375613549   3.28370   0.00006
  54985.396048092   3.28347   0.00006
  54985.416482536   3.28359   0.00006
  54985.436916979   3.28358   0.00005
  54985.457351322   3.28333   0.00006
  54985.477785865   3.28366   0.00006
  54985.498220308   3.28346   0.00006
  54985.518654650   3.28382   0.00006
  54985.539089193   3.28368   0.00006
  54985.559523635   3.28367   0.00006
  54985.579957976   3.28382   0.00006
  54985.600392418   3.28350   0.00006
  54985.620826959   3.28349   0.00006
  54985.641261301   3.28378   0.00006
  54985.661695741   3.28384   0.00006
  54985.682130182   3.28364   0.00006
  54985.702564623   3.28351   0.00006
  54985.722999063   3.28362   0.00006
  54985.743433503   3.28374   0.00006
  54985.763868043   3.28348   0.00006
  54985.784302383   3.28365   0.00006
  54985.804736822   3.28348   0.00006
  54985.825171161   3.28326   0.00006
  54985.845605700   3.28363   0.00005
  54985.866040139   3.28360   0.00006
  54985.886474478   3.28372   0.00006
  54985.906909016   3.28380   0.00006
  54985.927343454   3.28349   0.00006
  54985.947777892   3.28356   0.00006
  54985.968212230   3.28365   0.00006
  54985.988646767   3.28380   0.00006
  54986.009081204   3.28394   0.00006
  54986.029515541   3.28380   0.00006
  54986.049950078   3.28379   0.00006
  54986.070384515   3.28374   0.00006
  54986.090818851   3.28402   0.00006
  54986.111253287   3.28396   0.00006
  54986.131687823   3.28384   0.00006
  54986.152122159   3.28347   0.00006
  54986.172556595   3.28346   0.00006
  54986.192991030   3.28371   0.00006
  54986.213425565   3.28346   0.00006
  54986.233860000   3.28381   0.00006
  54986.254294335   3.28364   0.00006
  54986.274728869   3.28375   0.00006
  54986.295163303   3.28381   0.00006
  54986.315597637   3.28365   0.00006
  54986.336032071   3.28394   0.00006
  54986.356466505   3.28344   0.00006
  54986.376900938   3.28346   0.00006
  54986.397335371   3.28381   0.00006
  54986.417769904   3.28326   0.00006
  54986.438204336   3.28349   0.00006
  54986.458638669   3.28339   0.00006
  54986.479073101   3.28344   0.00006
  54986.499507633   3.28284   0.00006
  54986.519941965   3.28371   0.00006
  54986.540376397   3.28394   0.00006
  54986.560810928   3.28361   0.00006
  54986.581245259   3.28367   0.00006
  54986.601679690   3.28373   0.00006
  54986.622114121   3.28370   0.00006
  54986.642548551   3.28353   0.00006
  54986.662982982   3.28359   0.00006
  54986.683417412   3.28359   0.00006
  54986.703851741   3.28392   0.00006
  54986.724286271   3.28403   0.00006
  54986.744720700   3.28354   0.00006
  54986.765155029   3.28370   0.00006
  54986.785589559   3.28343   0.00006
  54986.806023987   3.28374   0.00006
  54986.826458316   3.28351   0.00006
  54986.846892744   3.28350   0.00006
  54986.867327272   3.28349   0.00006
  54986.887761600   3.28373   0.00006
  54986.908196027   3.28379   0.00006
  54986.928630555   3.28368   0.00006
  54986.949064982   3.28346   0.00006
  54986.969499309   3.28336   0.00006
  54986.989933736   3.28356   0.00006
  54987.010368262   3.28350   0.00006
  54987.030802589   3.28395   0.00006
  54987.051237015   3.28370   0.00006
  54987.071671540   3.28346   0.00006
  54987.092105866   3.28372   0.00006
  54987.112540291   3.28377   0.00006
  54987.132974717   3.28364   0.00006
  54987.153409142   3.28399   0.00006
  54987.173843566   3.28342   0.00006
  54987.194277991   3.28350   0.00006
  54987.214712415   3.28334   0.00006
  54987.235146839   3.28325   0.00006
  54987.255581263   3.28369   0.00006
  54987.276015587   3.28373   0.00006
  54987.296450110   3.28350   0.00006
  54987.316884533   3.28357   0.00006
  54987.337318856   3.28379   0.00006
  54987.357753279   3.28389   0.00006
  54987.378187801   3.28377   0.00006
  54987.398622124   3.28386   0.00006
  54987.419056546   3.28377   0.00006
  54987.439491067   3.28379   0.00006
  54987.459925489   3.28385   0.00006
  54987.480359810   3.28402   0.00006
  54987.500794232   3.28357   0.00006
  54987.521228753   3.28337   0.00006
  54987.541663073   3.28358   0.00006
  54987.562097494   3.28350   0.00006
  54987.582532014   3.28331   0.00006
  54987.602966334   3.28371   0.00006
  54987.623400754   3.28324   0.00006
  54987.643835173   3.28330   0.00006
  54987.664269593   3.28328   0.00006
  54987.684704012   3.28358   0.00006
  54987.705138431   3.28344   0.00006
  54987.725572950   3.28362   0.00006
  54987.746007268   3.28395   0.00006
  54987.766441686   3.28378   0.00006
  54987.786876104   3.28368   0.00006
  54987.807310522   3.28391   0.00006
  54987.827744940   3.28389   0.00006
  54987.848179257   3.28400   0.00006
  54987.868613774   3.28362   0.00006
  54987.889048191   3.28381   0.00006
  54987.909482608   3.28358   0.00006
  54987.929917024   3.28365   0.00006
  54987.950351440   3.28349   0.00006
  54987.970785856   3.28334   0.00006
  54987.991220272   3.28328   0.00006
  54988.011654588   3.28357   0.00006
  54988.032089103   3.28369   0.00006
  54988.052523518   3.28382   0.00006
  54988.072957833   3.28384   0.00006
  54988.093392348   3.28356   0.00006
  54988.113826762   3.28358   0.00006
  54988.134261076   3.28379   0.00006
  54988.154695490   3.28354   0.00006
  54988.175130004   3.28373   0.00006
  54988.195564417   3.28372   0.00006
  54988.215998731   3.28378   0.00006
  54988.236433144   3.28383   0.00006
  54988.256867657   3.28370   0.00006
  54988.297736381   3.28367   0.00006
  54988.318170894   3.28322   0.00006
  54988.338605205   3.28322   0.00006
  54988.359039617   3.28361   0.00006
  54988.379474029   3.28352   0.00006
  54988.399908440   3.28358   0.00006
  54988.420342851   3.28372   0.00006
  54988.440777262   3.28395   0.00006
  54988.461211772   3.28392   0.00006
  54988.481646083   3.28373   0.00006
  54988.502080493   3.28393   0.00006
  54988.522514802   3.28405   0.00006
  54988.542949312   3.28391   0.00006
  54988.583818031   3.28326   0.00006
  54988.604252540   3.28321   0.00006
  54988.624686948   3.28334   0.00006
  54988.645121357   3.28341   0.00006
  54988.665555665   3.28347   0.00006
  54988.685990173   3.28359   0.00006
  54988.706424581   3.28326   0.00006
  54988.726858889   3.28327   0.00006
  54988.747293296   3.28358   0.00006
  54988.767727803   3.28370   0.00006
  54988.788162110   3.28387   0.00006
  54988.808596517   3.28401   0.00006
  54988.829031023   3.28388   0.00006
  54988.849465329   3.28362   0.00006
  54988.869899735   3.28398   0.00006
  54988.890334141   3.28369   0.00006
  54988.910768646   3.28360   0.00006
  54988.931202952   3.28371   0.00006
  54988.951637357   3.28389   0.00006
  54988.972071862   3.28342   0.00006
  54988.992506166   3.28353   0.00006
  54989.012940570   3.28352   0.00006
  54989.033374875   3.28343   0.00006
  54989.053809379   3.28335   0.00006
  54989.074243782   3.28342   0.00006
  54989.094678186   3.28338   0.00006
  54989.115112589   3.28351   0.00006
  54989.135546992   3.28359   0.00006
  54989.155981395   3.28351   0.00006
  54989.176415697   3.28393   0.00006
  54989.196850199   3.28389   0.00006
  54989.217284601   3.28377   0.00006
  54989.237718903   3.28389   0.00006
  54989.258153305   3.28388   0.00006
  54989.278587806   3.28381   0.00006
  54989.299022107   3.28378   0.00006
  54989.319456508   3.28356   0.00006
  54989.339891009   3.28375   0.00006
  54989.360325309   3.28352   0.00006
  54989.380759710   3.28336   0.00006
  54989.401194110   3.28149   0.00006
  54989.421628609   3.28347   0.00006
  54989.442062909   3.28356   0.00006
  54989.462497308   3.28338   0.00006
  54989.482931807   3.28357   0.00006
  54989.503366106   3.28368   0.00006
  54989.523800505   3.28376   0.00006
  54989.544234903   3.28366   0.00006
  54989.564669301   3.28365   0.00006
  54989.585103699   3.28375   0.00006
  54989.605538097   3.28381   0.00006
  54989.625972494   3.28360   0.00006
  54989.646406891   3.28371   0.00006
  54989.666841288   3.28396   0.00006
  54989.687275685   3.28360   0.00006
  54989.707710081   3.28327   0.00006
  54989.728144478   3.28342   0.00006
  54989.748578874   3.28370   0.00006
  54989.769013169   3.28354   0.00006
  54989.789447665   3.28326   0.00006
  54989.809882060   3.28349   0.00006
  54989.830316455   3.28345   0.00006
  54989.850750850   3.28335   0.00006
  54989.871185245   3.28375   0.00006
  54989.891619639   3.28376   0.00006
  54989.912053933   3.28417   0.00006
  54989.932488427   3.28377   0.00006
  54989.952922821   3.28395   0.00006
  54989.973357114   3.28361   0.00006
  54989.993791608   3.28339   0.00006
  54990.014226001   3.28351   0.00006
  54990.034660293   3.28354   0.00006
  54990.055094686   3.28372   0.00006
  54990.075529178   3.28382   0.00006
  54990.095963470   3.28363   0.00006
  54990.116397862   3.28343   0.00006
  54990.136832354   3.28359   0.00006
  54990.157266745   3.28363   0.00006
  54990.177701036   3.28360   0.00006
  54990.198135427   3.28323   0.00006
  54990.218569918   3.28343   0.00006
  54990.239004208   3.28357   0.00006
  54990.259438598   3.28373   0.00006
  54990.279872988   3.28370   0.00006
  54990.300307378   3.28395   0.00006
  54990.320741767   3.28368   0.00006
  54990.341176156   3.28401   0.00006
  54990.361610545   3.28389   0.00006
  54990.382044934   3.28399   0.00006
  54990.402479323   3.28362   0.00006
  54990.422913611   3.28349   0.00006
  54990.443348099   3.28366   0.00006
  54990.463782487   3.28390   0.00006
  54990.484216774   3.28352   0.00006
  54990.504651262   3.28353   0.00006
  54990.525085649   3.28370   0.00006
  54990.545519936   3.28376   0.00006
  54990.565954322   3.28356   0.00006
  54990.586388809   3.28349   0.00006
  54990.606823095   3.28333   0.00006
  54990.627257481   3.28388   0.00006
  54990.647691966   3.28339   0.00006
  54990.668126352   3.28357   0.00006
  54990.688560637   3.28368   0.00006
  54990.708995022   3.28360   0.00006
  54990.729429507   3.28371   0.00006
  54990.749863791   3.28353   0.00006
  54990.770298175   3.28363   0.00006
  54990.790732660   3.28348   0.00006
  54990.811166943   3.28351   0.00006
  54990.831601327   3.28349   0.00006
  54990.852035710   3.28366   0.00006
  54990.872470093   3.28374   0.00006
  54990.892904476   3.28346   0.00006
  54990.913338859   3.28339   0.00006
  54990.933773141   3.28322   0.00006
  54990.954207623   3.28352   0.00006
  54990.974642005   3.28360   0.00006
  54990.995076287   3.28358   0.00006
  54991.015510768   3.28358   0.00006
  54991.035945149   3.28370   0.00006
  54991.056379430   3.28383   0.00006
  54991.076813811   3.28390   0.00006
  54991.097248291   3.28392   0.00006
  54991.117682671   3.28394   0.00006
  54991.138116951   3.28356   0.00006
  54991.158551431   3.28364   0.00006
  54991.178985811   3.28315   0.00006
  54991.199420090   3.28338   0.00006
  54991.219854469   3.28303   0.00006
  54991.240288948   3.28368   0.00006
  54991.281157605   3.28364   0.00006
  54991.301592082   3.28366   0.00006
  54991.322026460   3.28355   0.00006
  54991.342460738   3.28356   0.00006
  54991.362895115   3.28400   0.00006
  54991.383329592   3.28403   0.00006
  54991.403763969   3.28405   0.00006
  54991.424198246   3.28398   0.00006
  54991.444632622   3.28379   0.00006
  54991.465067098   3.28411   0.00006
  54991.485501374   3.28376   0.00006
  54991.505935750   3.28360   0.00006
  54991.526370225   3.28363   0.00006
  54991.546804501   3.28369   0.00006
  54991.567238875   3.28350   0.00006
  54991.587673250   3.28359   0.00006
  54991.608107624   3.28346   0.00006
  54991.628541999   3.28355   0.00006
  54991.648976373   3.28352   0.00006
  54991.669410847   3.28363   0.00006
  54991.689845120   3.28373   0.00006
  54991.710279493   3.28393   0.00006
  54991.730713766   3.28396   0.00006
  54991.751148239   3.28386   0.00006
  54991.771582612   3.28383   0.00006
  54991.792016984   3.28353   0.00006
  54991.812451356   3.28379   0.00006
  54991.832885728   3.28356   0.00006
  54991.853320099   3.28359   0.00006
  54991.873754370   3.28362   0.00006
  54991.894188842   3.28348   0.00006
  54991.914623212   3.28338   0.00006
  54991.935057483   3.28344   0.00006
  54991.955491953   3.28326   0.00006
  54991.975926324   3.28331   0.00006
  54991.996360593   3.28322   0.00006
  54992.016794963   3.28328   0.00006
  54992.037229432   3.28360   0.00006
  54992.057663701   3.28379   0.00006
  54992.078098070   3.28369   0.00006
  54992.098532439   3.28383   0.00006
  54992.118966907   3.28397   0.00006
  54992.139401176   3.28415   0.00006
  54992.159835544   3.28369   0.00006
  54992.180270011   3.28366   0.00006
  54992.200704279   3.28358   0.00006
  54992.221138646   3.28351   0.00006
  54992.241572913   3.28362   0.00006
  54992.262007379   3.28356   0.00006
  54992.282441746   3.28361   0.00006
  54992.302876112   3.28325   0.00006
  54992.323310478   3.28338   0.00006
  54992.343744844   3.28330   0.00006
  54992.364179209   3.28322   0.00006
  54992.384613475   3.28358   0.00006
  54992.405047939   3.28335   0.00006
  54992.425482304   3.28376   0.00006
  54992.445916569   3.28358   0.00006
  54992.466351033   3.28371   0.00006
  54992.486785397   3.28399   0.00006
  54992.507219661   3.28387   0.00006
  54992.527654024   3.28411   0.00006
  54992.548088488   3.28399   0.00006
  54992.568522751   3.28402   0.00006
  54992.588957113   3.28381   0.00006
  54992.609391476   3.28323   0.00006
  54992.629825938   3.28379   0.00006
  54992.650260200   3.28376   0.00006
  54992.670694562   3.28361   0.00006
  54992.691129024   3.28346   0.00006
  54992.711563285   3.28338   0.00006
  54992.731997646   3.28333   0.00006
  54992.752432007   3.28339   0.00006
  54992.772866368   3.28328   0.00006
  54992.793300728   3.28340   0.00006
  54992.813735088   3.28366   0.00006
  54992.834169448   3.28358   0.00006
  54992.854603807   3.28409   0.00006
  54992.875038167   3.28386   0.00006
  54992.895472426   3.28408   0.00006
  54992.915906885   3.28391   0.00006
  54992.936341243   3.28402   0.00006
  54992.956775602   3.28360   0.00006
  54992.977209960   3.28362   0.00006
  54992.997644318   3.28332   0.00006
  54993.018078675   3.28355   0.00006
  54993.038513033   3.28322   0.00006
  54993.058947390   3.28327   0.00006
  54993.079381747   3.28309   0.00006
  54993.099816104   3.28346   0.00006
  54993.120250360   3.28362   0.00006
  54993.140684816   3.28369   0.00006
  54993.161119172   3.28344   0.00006
  54993.181553428   3.28405   0.00006
  54993.201987883   3.28342   0.00006
  54993.222422238   3.28381   0.00006
  54993.242856493   3.28402   0.00006
  54993.263290848   3.28390   0.00006
  54993.283725302   3.28384   0.00006
  54993.304159556   3.28363   0.00006
  54993.324593910   3.28375   0.00006
  54993.345028364   3.28373   0.00006
  54993.365462717   3.28334   0.00006
  54993.385896971   3.28362   0.00006
  54993.406331324   3.28336   0.00006
  54993.426765776   3.28348   0.00006
  54993.447200029   3.28353   0.00006
  54993.467634381   3.28378   0.00006
  54993.488068833   3.28407   0.00006
  54993.508503085   3.28382   0.00006
  54993.528937436   3.28408   0.00006
  54993.549371787   3.28384   0.00006
  54993.569806138   3.28371   0.00006
  54993.590240489   3.28355   0.00006
  54993.610674839   3.28390   0.00006
  54993.631109090   3.28375   0.00006
  54993.651543540   3.28347   0.00006
  54993.671977889   3.28354   0.00006
  54993.692412139   3.28354   0.00006
  54993.712846588   3.28313   0.00006
  54993.733280937   3.28336   0.00006
  54993.753715186   3.28325   0.00006
  54993.774149534   3.28309   0.00006
  54993.794583982   3.28348   0.00006
  54993.815018330   3.28352   0.00006
  54993.835452578   3.28381   0.00006
  54993.855887025   3.28356   0.00006
  54993.876321373   3.28383   0.00006
  54993.896755620   3.28345   0.00006
  54993.917189966   3.28382   0.00006
  54993.937624413   3.28378   0.00006
  54993.958058659   3.28398   0.00006
  54993.978493005   3.28394   0.00006
  54993.998927451   3.28406   0.00006
  54994.019361696   3.28384   0.00006
  54994.039796041   3.28346   0.00006
  54994.060230386   3.28335   0.00006
  54994.080664731   3.28381   0.00006
  54994.101099075   3.28338   0.00006
  54994.121533420   3.28350   0.00006
  54994.141967864   3.28345   0.00006
  54994.162402107   3.28342   0.00006
  54994.182836451   3.28306   0.00006
  54994.203270694   3.28375   0.00006
  54994.223705137   3.28386   0.00006
  54994.264573822   3.28390   0.00006
  54994.285008064   3.28370   0.00006
  54994.305442506   3.28395   0.00006
  54994.325876848   3.28393   0.00006
  54994.346311089   3.28363   0.00006
  54994.366745531   3.28376   0.00006
  54994.387179872   3.28348   0.00006
  54994.407614112   3.28357   0.00006
  54994.428048453   3.28355   0.00006
  54994.448482893   3.28377   0.00006
  54994.468917133   3.28347   0.00006
  54994.489351472   3.28360   0.00006
  54994.509785912   3.28321   0.00006
  54994.530220151   3.28325   0.00006
  54994.550654490   3.28325   0.00006
  54994.571088829   3.28377   0.00006
  54994.591523267   3.28395   0.00006
  54994.611957505   3.28377   0.00006
  54994.632391843   3.28397   0.00006
  54994.652826281   3.28386   0.00006
  54994.673260618   3.28355   0.00006
  54994.693694855   3.28397   0.00006
  54994.714129192   3.28384   0.00006
  54994.734563629   3.28365   0.00006
  54994.754997865   3.28366   0.00006
  54994.775432202   3.28367   0.00006
  54994.795866537   3.28351   0.00006
  54994.816300873   3.28347   0.00006
  54994.836735208   3.28345   0.00006
  54994.857169544   3.28329   0.00006
  54994.877603978   3.28302   0.00006
  54994.898038213   3.28369   0.00005
  54994.918472547   3.28344   0.00006
  54994.938906781   3.28380   0.00006
  54994.959341215   3.28367   0.00006
  54994.979775549   3.28397   0.00006
  54995.000209882   3.28384   0.00006
  54995.020644215   3.28397   0.00006
  54995.041078548   3.28364   0.00006
  54995.061512881   3.28394   0.00006
  54995.081947113   3.28377   0.00006
  54995.102381545   3.28392   0.00006
  54995.122815877   3.28336   0.00006
  54995.143250109   3.28338   0.00006
  54995.163684540   3.28346   0.00006
  54995.184118871   3.28317   0.00006
  54995.204553102   3.28333   0.00006
  54995.224987432   3.28316   0.00006
  54995.245421863   3.28320   0.00006
  54995.265856093   3.28349   0.00006
  54995.286290422   3.28344   0.00006
  54995.306724852   3.28353   0.00006
  54995.327159181   3.28359   0.00006
  54995.347593410   3.28416   0.00006
  54995.368027739   3.28409   0.00006
  54995.388462168   3.28415   0.00006
  54995.408896396   3.28410   0.00006
  54995.429330724   3.28386   0.00006
  54995.449764952   3.28370   0.00006
  54995.470199379   3.28387   0.00006
  54995.490633706   3.28401   0.00006
  54995.511067433   3.28357   0.00006
  54995.531501860   3.28341   0.00006
  54995.551936086   3.28378   0.00006
  54995.572370413   3.28318   0.00006
  54995.592804739   3.28344   0.00006
  54995.613239164   3.28289   0.00006
  54995.633673390   3.28334   0.00006
  54995.654107715   3.28317   0.00006
  54995.674542140   3.28340   0.00006
  54995.694976364   3.28358   0.00006
  54995.715410689   3.28393   0.00006
  54995.735845013   3.28398   0.00006
  54995.756279337   3.28402   0.00006
  54995.776713661   3.28411   0.00006
  54995.797147984   3.28408   0.00006
  54995.817582307   3.28382   0.00006
  54995.838016630   3.28358   0.00006
  54995.858450953   3.28344   0.00006
  54995.878885175   3.28371   0.00006
  54995.899319597   3.28349   0.00006
  54995.919753919   3.28364   0.00006
  54995.940188140   3.28331   0.00006
  54995.960622462   3.28342   0.00006
  54995.981056883   3.28325   0.00006
  54996.001491104   3.28316   0.00006
  54996.021925424   3.28335   0.00006
  54996.042359844   3.28360   0.00006
  54996.062794164   3.28351   0.00006
  54996.083228384   3.28384   0.00006
  54996.103662704   3.28395   0.00006
  54996.124097123   3.28389   0.00006
  54996.144531342   3.28393   0.00006
  54996.164965661   3.28417   0.00006
  54996.185400079   3.28394   0.00006
  54996.205834297   3.28393   0.00006
  54996.226268615   3.28375   0.00006
  54996.246702933   3.28374   0.00006
  54996.267137251   3.28348   0.00006
  54996.287571568   3.28336   0.00006
  54996.308005885   3.28327   0.00006
  54996.328440301   3.28347   0.00006
  54996.348874518   3.28320   0.00006
  54996.369308834   3.28326   0.00006
  54996.389743050   3.28351   0.00006
  54996.410177465   3.28344   0.00006
  54996.430611781   3.28334   0.00006
  54996.451045996   3.28359   0.00006
  54996.471480411   3.28355   0.00006
  54996.491914725   3.28373   0.00006
  54996.512349040   3.28383   0.00006
  54996.532783254   3.28378   0.00006
  54996.553217667   3.28403   0.00006
  54996.573651981   3.28385   0.00006
  54996.594086194   3.28376   0.00006
  54996.614520507   3.28384   0.00006
  54996.634954920   3.28378   0.00006
  54996.655389133   3.28373   0.00006
  54996.675823445   3.28346   0.00006
  54996.696257857   3.28316   0.00006
  54996.716692069   3.28311   0.00006
  54996.737126380   3.28343   0.00006
  54996.757560691   3.28350   0.00006
  54996.777995002   3.28379   0.00006
  54996.798429313   3.28377   0.00006
  54996.818863623   3.28403   0.00006
  54996.839298034   3.28415   0.00006
  54996.859732243   3.28378   0.00006
  54996.880166553   3.28389   0.00006
  54996.900600763   3.28377   0.00006
  54996.921035171   3.28390   0.00006
  54996.941469480   3.28370   0.00006
  54996.961903789   3.28351   0.00006
  54996.982338097   3.28342   0.00006
  54997.002772405   3.28359   0.00006
  54997.023206713   3.28346   0.00006
  54997.043640921   3.28338   0.00006
  54997.064075328   3.28332   0.00006
  54997.084509635   3.28378   0.00006
  54997.104943942   3.28380   0.00006
  54997.125378148   3.28375   0.00006
  54997.145812555   3.28382   0.00006
  54997.166246760   3.28371   0.00006
  54997.186681066   3.28368   0.00006
  54997.207115472   3.28361   0.00006
  54997.247983982   3.28353   0.00006
  54997.268418286   3.28378   0.00006
  54997.288852591   3.28353   0.00006
  54997.309286895   3.28353   0.00006
  54997.329721199   3.28356   0.00006
  54997.350155602   3.28361   0.00006
  54997.370589906   3.28371   0.00006
  54997.391024109   3.28324   0.00006
  54997.411458412   3.28316   0.00006
  54997.431892714   3.28361   0.00006
  54997.452327016   3.28347   0.00006
  54997.472761319   3.28341   0.00006
  54997.493195720   3.28337   0.00006
  54997.513629922   3.28353   0.00006
  54997.534064223   3.28399   0.00006
  54997.554498524   3.28386   0.00006
  54997.574932825   3.28429   0.00006
  54997.595367125   3.28407   0.00006
  54997.615801425   3.28409   0.00006
  54997.636235625   3.28372   0.00006
  54997.656670025   3.28396   0.00006
  54997.677104324   3.28369   0.00006
  54997.697538623   3.28355   0.00006
  54997.717972922   3.28366   0.00006
  54997.738407221   3.28344   0.00006
  54997.758841519   3.28320   0.00006
  54997.779275717   3.28357   0.00006
  54997.799710115   3.28316   0.00006
  54997.820144413   3.28307   0.00006
  54997.840578610   3.28340   0.00006
  54997.861013007   3.28365   0.00006
  54997.881447304   3.28371   0.00006
  54997.901881500   3.28388   0.00006
  54997.922315796   3.28383   0.00006
  54997.942750192   3.28362   0.00006
  54997.963184388   3.28370   0.00006
  54997.983618684   3.28369   0.00006
